-0.08707943
0.05756166
-0.10489464
0.030760167
0.06493128
-0.09191677
0.08349152
-0.0044341544
-0.031748306
-0.04309243
0.055729978
0.015365052
-0.00022360546
-0.0458967
-0.023510434
-0.044244166
-0.027349506
0.017227406
0.13265747
-0.031131033
0.10500896
0.110329695
-0.08384229
0.11450837
-0.10172704
0.002923486
0.07834782
0.038335998
-0.065642506
-0.10245266
0.14370142
0.08260208
0.024247374
-0.10217028
-0.09912999
0.13187443
-0.08927297
0.057016805
-0.003003274
-0.029393736
-0.06186063
-0.06280366
-0.04444949
-0.09631018
-0.069637135
-0.00822121
-0.030181184
0.050717182
0.081020705
0.080167376
0.083877124
-0.019132633
0.1291643
0.064312294
-0.07053276
0.07070697
0.06513267
-0.047354054
0.05959217
0.09273949
0.13836832
-0.009799097
0.11956897
-0.03929005
-0.1568871
0.096249275
0.123875834
0.06907879
0.103484064
0.17562345
-0.027317628
0.08432072
0.13113499
0.025543025
0.077810846
0.11200694
-0.06470202
-0.08306138
0.008574395
-0.07489044
0.13458188
0.025507834
-0.12496043
-0.014463361
