-0.06490221
3.0011319e-05
-0.021765355
0.03244845
-0.048215076
-0.06449756
-0.038116127
-0.027568541
0.07548235
0.07574495
0.0055566663
0.040495213
-0.006264938
0.07038899
0.014329005
0.026065791
0.064684615
-0.043744784
0.03560569
0.04605046
0.06893917
-0.01282199
-0.02463781
0.011449777
0.06208047
0.0026999193
-0.04195731
-0.03413368
0.12983596
-0.062051333
-0.0039703185
-0.046065323
0.09418762
-0.031150086
0.0037608787
-0.042346094
-0.037889622
-0.04268652
0.035797168
-0.014937474
-0.021135395
-0.013368722
-0.031106496
0.011843432
0.02180729
0.014089132
-0.014645106
-0.05141235
0.07162362
-0.014896021
-0.050273165
-0.08941254
0.04108685
0.016718872
0.016397439
0.09390561
0.0004962242
-0.03078473
0.05349208
-0.03614405
-0.0505872
0.0067162775
-0.020777997
0.12016852
0.0017300991
-0.004440637
-0.12105007
0.020195587
0.019241428
0.000526296
-0.0034014683
-0.04356111
-0.017222246
-0.060918182
0.11743817
0.0016329024
0.015699554
-0.06555195
-0.031800993
-0.077888764
0.017479924
0.0453091
-0.040514175
0.018778453
-0.010196595
-0.033943214
0.04351986
-0.0517701
-0.0017620714
0.000551203
-0.05536437
0.026047233
0.04205476
0.06101665
0.05238273
0.05832603
-0.026920006
-0.04541475
0.018875059
0.003519785
-0.017659783
0.09397484
-0.0026814905
-0.004003606
-0.07995906
0.044458494
0.04611647
-0.037951697
0.041715175
-0.006675286
-0.027760906
0.09578311
-0.052765165
-0.016242607
-0.025241924
0.06506681
-0.029747998
0.02372159
0.003408286
0.040613387
