-0.13172163
0.22949275
0.09816663
-0.22401257
-0.44959313
-0.086715154
0.07916185
0.36863798
0.09072453
-0.050622836
-0.23692425
-0.2091513
0.10882142
0.24389212
-0.18586765
-0.45004278
0.0055926754
0.016412443
0.33662045
0.081649326
0.057468984
0.08428052
0.076733306
0.3210878
0.06627854
0.037532467
0.267013
0.18434323
-0.22988638
-0.39166942
-0.25125074
0.09115123
0.06414252
-0.18748678
-0.07660514
0.1593618
0.3968963
0.5316355
0.51827973
0.13755955
-0.0024131602
-0.042299494
0.106007196
0.32307813
0.295711
-0.4488434
-0.25307843
-0.27559397
-0.073081926
-0.023069007
0.028422033
0.19039926
0.30496976
0.27150312
0.027755082
-0.15191491
0.40025297
0.27247092
-0.03768655
-0.11280851
0.010215095
0.32496646
0.1930236
-0.13409986
-0.33474576
0.09465212
0.25489548
0.07822482
-0.2829603
-0.5746749
0.14886664
0.119096905
-0.04967573
-0.12825382
-0.24231839
0.22884318
-0.17341787
-0.31312266
-0.25994524
0.28320476
-0.11942635
-0.5962777
-0.51203144
-0.0017651598
0.3452192
-0.46609253
-0.47058332
-0.07413415
0.49330455
0.1349772
-0.039343625
-0.05580168
0.3147336
0.27853414
0.19338927
0.32022038
0.39744958
0.43611032
0.258462
0.17363594
0.1297213
-0.2308058
-0.054233704
0.07153622
0.056821346
0.22470255
0.1811458
0.37855518
0.16094111
-0.12744138
0.31266308
0.019606695
-0.0010542179
0.34118858
0.18420717
-0.23119737
-0.110032015
0.037412934
0.26969072
0.3865916
-0.44010112
-0.2490274
-0.100219995
0.16239505
0.3623563
-0.12326678
0.14320132
0.29522184
0.3986005
0.18613009
0.28037634
0.44152334
0.57950324
0.57125473
0.06717083
0.15445505
0.30519363
-0.018711848
0.12718551
0.050397642
-0.13646996
-0.28615952
-0.17790267
-0.18667121
-0.13742521
-0.3791084
-0.41966808
-0.3592245
-0.049480077
0.07660561
