-0.071659304
0.008880335
-0.23686597
0.1329176
0.04517586
-0.074225724
-0.04972595
-0.2087399
0.08060298
0.023989389
-0.08046773
-0.10435607
-0.042736474
0.09072176
0.026940497
-0.07002261
0.011135426
0.095694914
-0.063174166
0.08011899
-0.0009462002
0.08815423
-0.034060802
0.033879124
-0.0015560837
-0.103826635
-0.041506957
-0.31546125
0.04306144
0.06358821
-0.12406426
-0.10160379
-0.27831295
-0.09318194
-0.019252155
-0.10705333
-0.14573431
-0.09273808
-0.11471731
-0.04678116
-0.16364563
-0.181115
-0.06625091
-0.06049823
0.017283676
-0.006474901
-0.07923955
0.007610264
0.11451156
-0.014688793
0.05991996
0.16920649
0.030423313
-0.3923784
0.2332981
0.07386285
0.09729848
-0.37436643
-0.05350462
0.35322145
0.0122550465
0.06775782
-0.21613334
0.07504075
0.279463
0.08501624
-0.1278314
0.025913622
0.13656034
0.061350573
0.05500863
-0.07031461
0.10329521
0.108508065
0.03278255
0.18959197
-0.19126843
-0.3748878
0.16906188
0.094012864
0.12349185
-0.26369366
-0.056444906
0.2054474
-0.08443418
0.02416545
-0.109769665
0.09166367
0.18251726
-0.11686727
-0.07377462
-0.025284754
0.15825348
0.16965468
-0.35935
0.13943438
0.129031
0.11978068
-0.15785389
-0.22201091
-0.035124052
-0.14301443
-0.14368102
0.121450305
0.08031017
-0.018921573
-0.24071175
-0.092172876
0.05805129
-0.14052217
-0.13887103
-0.09180559
0.062919326
0.108490616
-0.14904329
-0.1120177
0.012127516
-0.047047433
-0.053037595
-0.051544435
0.011620589
0.023211362
0.005614737
-0.042360097
0.002626401
-0.117933005
0.023570057
-0.18170388
-0.17357546
-0.025609495
-0.038080584
0.02810725
-0.34575954
-0.34494844
-0.05972163
0.027866274
-0.019405622
-0.26778722
-0.07040764
0.10341635
-0.054974534
-0.07341021
-0.23907508
0.056629438
-0.059332486
-0.08866714
-0.12585817
-0.10734654
-0.026872244
-0.02072134
-0.085328445
-0.101855054
-0.19586103
-0.21633992
0.01029898
-0.060191475
0.0670703
-0.024017936
-0.14341487
0.10190027
-0.11417263
-0.07385574
-0.10851299
-0.005875442
-0.01647435
-0.06147232
-0.046424326
-0.1598721
0.05943852
0.052025154
0.019432865
-0.09979532
-0.259581
-0.18369228
0.19527534
-0.10954116
-0.26740116
-0.26676407
-0.15760273
-0.108054586
0.025407452
0.07843674
0.118314065
0.020194523
0.06787816
0.16152999
0.10676113
0.09085783
0.07409027
-0.09703254
0.020606231
-0.052293498
-0.13054536
-0.042834785
0.109718904
0.10274354
-0.121087
-0.0801844
-0.08598652
0.28595075
0.11769756
0.11040201
0.048497718
-0.04483125
-0.09196109
-0.09781805
-0.074525975
-0.050729938
-0.16918202
-0.21213803
-0.106706165
0.0037677332
-0.019112509
-0.19939484
-0.14208026
0.1027577
0.13339789
0.1173117
-0.19374144
0.041544277
0.10344687
0.00835562
-0.028777549
-0.1922093
-0.062365882
0.16231439
0.044829875
0.08872739
0.016261864
-0.084162354
0.17603846
0.20421328
0.13303258
-0.032654457
0.14496653
-0.064174704
0.0586107
0.009701851
-0.15893492
-0.0089298645
0.05740882
0.09736438
0.028253505
0.008152521
-0.12994035
0.0008322723
-0.00082889915
-0.13920799
-0.12088064
-0.29997724
-0.21434122
-0.18760198
-0.24396615
-0.15908648
0.027393771
-0.0716715
-0.11326552
-0.0045237443
-0.11790136
0.017486883
-0.031054942
0.081403494
0.12729727
0.13879108
0.03261681
0.041197423
-0.116220646
-0.038453754
0.11879379
0.07336798
-0.088146485
-0.122716025
-0.09352785
0.08611337
0.09720902
-0.07018015
0.043167762
0.024478357
0.17324096
0.16512848
-0.01925221
-0.21178542
-0.20779769
-0.29848796
-0.21800019
-0.03397471
0.10090415
0.113447964
-0.031214599
-0.06693843
0.09699097
-0.01614783
0.12492659
0.0526217
-0.071993336
-0.010511373
0.04645189
0.024445618
-0.027548566
0.06881723
-0.020246977
0.007549853
-0.03313895
-0.053582333
-0.13948971
0.023252446
0.10537662
-0.006668173
-0.004197372
-0.092281364
-0.016627157
0.0089290235
0.15814151
0.23787646
-0.16964924
-0.105865344
-0.09353708
0.0081605585
0.36698094
0.03964732
-0.018707111
0.0140268365
-0.063456886
0.24156809
0.24203497
0.118214495
-0.024010088
0.02392485
-0.0076163677
0.06909041
-0.010317609
0.13811004
0.09081978
0.10893891
-0.18623023
-0.076882474
-0.08489315
0.2244656
0.16904548
-0.21823065
-0.12905777
-0.21645862
0.06737799
0.18828864
0.017624402
0.03193338
-0.033082142
-0.14930564
-0.07783273
0.06657598
-0.13406214
-0.034261435
0.026335139
0.102285005
-0.14205292
-0.101907514
-0.17012145
0.06799191
0.09470899
0.06739879
-0.08964314
0.023026861
-0.2700791
0.07350304
0.034682803
0.003974185
-0.07861428
-0.38949606
0.062921494
0.17418614
-0.08046647
-0.054815274
-0.22528572
-0.043128125
0.23836516
0.013480575
-0.043870047
-0.031026166
-0.06040652
0.048822895
-0.093133554
-0.14776543
-0.11983208
-0.16357793
-0.1151547
0.06777902
-0.121264055
-0.103728294
-0.016025994
-0.2367158
0.14975907
-0.11953305
-0.03959018
-0.03222803
-0.3181917
0.19265972
0.008612253
0.17621754
0.029838145
-0.14153102
0.08716958
0.03565009
0.05256149
-0.13960515
-0.06528281
-0.027140517
0.014156502
0.18816127
-0.054582294
-0.21612461
-0.08793007
-0.079050794
0.18831336
0.16086438
-0.21677968
-0.05406944
-0.13505864
0.14577486
0.23126324
0.014617242
0.0019369296
-0.09189214
0.022758069
0.14621001
-0.06520161
-0.0010227307
0.05132757
-0.12291064
-0.089455135
-0.07163398
0.04428398
0.07248209
0.061961222
0.050923087
0.03602965
-0.10070586
-0.05724179
0.13423637
0.05740207
-0.22471637
-0.02948934
-0.02638858
0.06798725
0.028171495
-0.22116686
0.0748994
-0.031128109
-0.22402467
0.09477021
-0.062446296
-0.106226236
-0.17249669
-0.15870926
0.12075735
-0.051564686
-0.16100577
-0.11215263
-0.16553484
-0.065800436
-0.07683312
0.0076655312
0.16629304
0.005606468
-0.02496711
-0.0061693965
0.01365167
0.11159122
0.26907828
0.12320274
-0.036679372
0.015000375
-0.030850304
0.1315642
0.1306701
0.13926917
-0.05068018
-0.10800562
0.15896256
0.24542381
0.20160845
0.019923924
-0.14917274
-0.31799415
0.004649515
0.10988175
0.18441401
0.16754715
0.10178636
-0.17057219
-0.15563752
-0.12402905
-0.036205232
0.21823642
0.2354671
0.11721619
0.055542827
-0.1001051
-0.050973184
-0.013537834
-0.13019791
0.011135324
0.088464
-0.038991306
-0.041926563
0.021388553
0.020445757
0.08145918
-0.1453033
-0.038675375
-0.120272845
-0.15687406
-0.20615509
-0.19764233
-0.19691753
-0.0791157
-0.01150347
-0.04067792
0.09638627
0.01659739
-0.0804117
0.036944337
0.074345894
0.20208119
0.20985962
0.03789472
0.11856185
0.012824841
-0.066529684
0.045109652
0.045395017
0.05342946
-0.06374665
-0.0643697
-0.2915437
-0.29516688
-0.15317827
-0.11893684
-0.08189136
0.110314526
0.051737748
0.06844446
0.02799814
-0.18898314
-0.08004906
-0.015344899
0.28340808
0.29976773
0.120778434
-0.08734595
-0.25098687
-0.21449655
-0.1367456
0.006716277
0.17562018
0.07877978
-0.06037925
-0.12839179
-0.27043882
-0.14048421
-0.031090576
0.12925155
0.09057492
0.0098733315
-0.103396066
-0.24223284
-0.129266
0.06418421
0.06836055
0.022360906
0.041825484
0.091293894
0.022169482
-0.0015930642
0.028226309
-0.011410898
-0.04715678
0.0480562
0.1407236
0.15788734
0.111340426
-0.008365657
-0.13939855
-0.05163501
0.20813835
0.14551437
0.07356253
-0.07233445
-0.21015613
-0.42284942
-0.29347587
0.022869926
0.11257754
-0.0020140868
0.023771781
-0.15493257
-0.12832865
-0.1535909
0.08284963
0.14475425
0.07754581
-0.076242216
0.086892456
0.051667497
0.06972003
-0.25325176
-0.008841494
0.06609031
0.19770505
0.078750536
-0.108372375
-0.0723557
0.039331973
0.19259866
0.06438331
-0.084902935
-0.20288314
-0.020367933
0.010961241
-0.046677276
-0.35401362
-0.120171964
-0.052743677
-0.008802386
-0.041699078
-0.05190853
-0.058827687
0.11270329
0.16752324
0.035387207
-0.13099706
0.03168701
0.14516026
0.15835729
0.10399704
-0.07860296
-0.18107475
-0.09490088
0.10879592
-0.01710299
-0.06355132
-0.21412715
-0.2086084
0.073603705
0.075965874
-0.18499885
-0.15290679
-0.022804841
-0.01291182
-0.026402026
-0.07169431
-0.16148193
-0.20974703
-0.041496605
0.013733643
0.00426074
-0.17400044
-0.28904912
-0.039267994
0.16165018
0.041630104
-0.17880365
-0.19196208
-0.021854049
0.18810692
-0.008367886
-0.13889156
-0.088302955
0.10925817
0.1939055
0.01495327
-0.081276864
0.00036815845
0.12804544
0.0498597
-0.0744532
0.07745108
0.13718197
0.054561127
-0.11250771
-0.06794601
0.03984641
-0.05361562
-0.028768545
-0.25849804
-0.31935272
-0.030637749
-0.07723156
0.07535775
-0.11916495
-0.24894603
0.059793595
0.2351443
0.1273187
-0.02939299
-0.2758001
-0.031474598
0.07631677
0.044648774
-0.09474949
0.14585817
0.0062994207
0.0031158915
0.18469514
0.07736835
-0.074171945
-0.12120497
0.091105014
0.23323944
0.13272063
-0.06454229
-0.1316689
0.009630354
0.10242405
0.009723634
0.05743635
-0.1785497
-0.04799309
0.11497465
-0.038425628
-0.04207088
-0.15105957
-0.08588007
0.10443535
-0.11054755
-0.13232408
-0.15699689
0.11684512
0.05733605
-0.17423637
-0.13393255
-0.03653503
0.07813085
0.109041415
-0.02200486
-0.08645361
0.055173844
0.022110797
0.0555003
-0.094766326
-0.10795805
-0.07344153
0.012883694
0.13214019
0.15883382
-0.07652903
-0.06472352
-0.025851991
0.10049771
0.15528396
-0.20594499
-0.07834723
-0.017521676
-0.06102469
0.0496647
-0.082958415
-0.020147007
-0.056522533
0.0040940675
-0.023565046
-0.09402672
0.037606616
0.056840565
-0.080141366
-0.09933872
-0.039732132
-0.058615025
-0.0393414
-0.0335554
-0.10129971
-0.07927901
0.024447817
-0.08584774
-0.07997498
-0.03717051
0.0040467586
-0.085460074
-0.07603379
0.01003993
0.045961943
-0.0858276
0.018388702
-0.021752372
-0.03625932
-0.09577819
0.05087026
-0.06947671
-0.031768207
-0.022402937
0.030588802
-0.068735674
0.05331376
-0.07842193
0.007061388
-0.08326678
0.06436268
0.015704745
-0.070921816
0.022437532
0.002442911
-0.03709881
0.04082924
0.035381205
-0.07300329
-0.07164298
-0.034876853
-0.07904074
-0.058764458
-0.02049253
-0.07794373
0.048105847
-0.019733602
-0.06709368
0.03000011
0.03171154
0.01909663
-0.04909505
0.046562426
0.047412798
-0.044168357
-0.000940583
-0.0137416255
-0.09871263
0.04207814
-0.078269556
0.024144925
-0.022085004
0.018467184
-0.050336916
-0.08818178
-0.06309441
-0.086135276
0.029362518
-0.047935113
-0.10265887
-0.072363116
0.04477229
-0.070248455
-0.056210022
-0.026025634
0.034508597
-0.05849388
-0.0013627277
0.030405235
-0.08154757
0.033828508
0.013805088
-0.013955376
0.04860709
0.019792147
-0.05088759
-0.02068102
0.00021231451
-0.08608474
0.00017227369
-0.09282977
-0.03961589
0.032521684
-0.044105507
0.052172113
-0.022872483
0.036969434
-0.07434916
-0.035398845
-0.09186604
-0.015645199
-0.06009079
-0.06982186
-0.05742102
-0.04905344
-0.020437265
-0.027339771
-0.100688174
0.011604983
-0.08288787
-0.063958906
-0.06515022
0.06026633
-0.0029135237
0.011902691
0.00045213182
-0.060690247
-0.07973802
-0.065525465
0.02691225
0.0074472986
0.027532112
-0.103534214
-0.010488424
0.055666346
-0.03536547
-0.09947137
0.054202996
0.023251286
-0.08872038
-0.013754611
-0.09710655
-0.034229286
0.016387891
-0.040457558
-0.03219844
0.01782931
-0.055987336
0.08482906
0.15663518
-0.043061722
-0.12801653
-0.13256404
-0.050621238
-0.18746102
-0.16324009
-0.049802154
-0.11767355
-0.080611676
-0.16826345
-0.07450829
0.03619912
-0.18338536
-0.031397354
0.08192466
0.051801387
-0.022985697
-0.1303301
-0.061697815
0.022809958
-0.051923323
0.24393867
0.11201693
0.110312246
0.0905159
0.08693564
0.22399598
0.23348515
0.1556447
0.085037336
-0.10734307
-0.2604572
-0.447624
-0.15873896
-0.20198861
-0.12469374
0.13259678
-0.08367066
-0.018047648
0.007479667
-0.012438241
0.08992072
0.14571191
0.11030229
0.13158211
-0.028549934
-0.028044477
-0.04808984
-0.092234135
-0.006891397
0.22189704
-0.031668983
-0.013182561
0.06146756
0.06846413
0.13442796
-0.02520654
-0.14292586
-0.01577128
-0.15680048
-0.22571218
-0.18318139
-0.17294656
-0.28217372
-0.16983996
-0.08048257
0.18105602
0.026754702
-0.21790032
-0.0024909899
0.07690074
0.070175886
0.10991067
0.24726571
0.12946706
0.1446597
-0.3597869
-0.29378802
-0.14472033
-0.2034877
-0.18804263
-0.07769981
-0.29743683
-0.28196946
-0.13978799
0.105743594
0.003445723
0.04548582
0.10086208
0.13281837
0.09830805
-0.109000415
-0.018543204
0.001650397
-0.0469319
-0.04508216
0.08490852
0.05486057
0.055951945
0.0702477
-0.071967
0.007946637
0.25549242
0.15762596
-0.064920045
-0.07075982
-0.24656263
-0.36603507
-0.2873728
-0.22778341
-0.10261931
-0.08450543
-0.025678178
-0.10555039
-0.05323156
-0.015313017
0.005354318
0.059217993
0.14119405
0.03629842
-0.04014608
-0.008409891
-0.12368923
-0.11364353
0.0094250785
0.07564476
0.12977435
0.22153771
0.24709563
0.21376066
0.25165582
-0.11279686
-0.013455346
0.12054018
0.06750587
-0.2098372
-0.20066206
-0.31923118
-0.53439003
-0.4368753
0.0036499742
0.15502223
0.054353952
0.029135482
0.13773344
0.17914063
0.009711878
0.18707845
0.18299748
0.13949625
0.123098545
0.16519307
0.0017699709
0.016776454
-0.1310836
-0.1335113
-0.08571766
-0.1435615
-0.09278875
0.0047729453
0.04991012
-0.08165191
-0.073101416
-0.10127706
-0.07341191
-0.03835697
-0.03019112
-0.19251196
-0.100160375
-0.011095134
-0.07353137
0.071385205
0.014537388
-0.045413364
-0.053990234
-0.027645396
0.21786727
0.12776282
0.10520453
0.088043325
-0.08765911
0.18302895
0.041298207
-0.058635626
-0.039031327
-0.16863334
-0.15217397
-0.26643947
-0.15202054
-0.1725762
-0.112831935
-0.071425565
-0.06390205
0.12695767
0.001919206
0.015161362
-0.08042665
-0.13404238
0.14346357
0.12570056
-0.07826856
-0.03514574
0.021436207
0.077796504
0.19166489
-0.062710434
0.07763768
0.027230855
0.13019112
0.092635535
-0.23087378
-0.042502735
-0.08344291
-0.12469707
-0.16136721
-0.21271387
-0.076457515
-0.10127212
-0.18324043
0.002976803
-0.03182859
0.023304274
0.13756318
0.06654755
0.008969865
0.047722477
0.08407688
0.06478013
0.14297779
-0.05587251
-0.16889472
-0.17945836
-0.21231097
-0.055375744
-0.1630469
-0.012254295
-0.22913927
-0.0044842386
-0.023638433
0.0059682657
0.14293428
0.008643512
-0.019627877
-0.04261798
-0.10026607
-0.1037647
0.15175562
0.006964845
0.07815785
-0.024662074
-0.037486497
0.13808148
0.10334586
0.008346861
-0.12353918
0.051762633
0.12611978
0.16255678
0.08672301
0.049516536
0.015894301
-0.1561305
-0.2228731
-0.26670036
-0.12223753
0.021542877
-0.10216441
-0.2108072
0.011650715
-0.12289387
-0.009007914
0.1245436
-0.046749726
-0.080046564
-0.20701611
-0.07415786
-0.11553839
-0.0587347
-0.0086399345
0.030986423
0.090789676
0.22066484
0.22915006
0.30180618
0.16246913
0.013540294
0.034415033
-0.09209096
-0.08667903
-0.3013835
-0.26213932
-0.3318661
-0.27088997
-0.034839272
-0.01802319
-0.028345652
0.01285341
-0.05606362
-0.10411845
-0.07582678
-0.11998816
0.06155117
0.03293365
-0.05723575
0.06655264
-0.051098216
0.061966546
0.091825075
0.12965468
0.04670619
0.10409035
-0.24888007
0.09450034
0.06246058
0.01286464
0.101192564
-0.025448203
0.017000888
-0.100757726
-0.091924
0.025780562
-0.026991414
-0.08242153
-0.03474693
-0.060333446
-0.048178494
0.1083419
0.06653999
0.022389464
-0.13563299
-0.025187904
0.037987895
0.30225655
0.35261512
0.28513148
0.12002521
-0.23034123
-0.15217645
0.11312631
0.23049298
0.08670421
-0.06842282
-0.0059907096
-0.14242809
-0.2579275
-0.1471013
0.037243024
-0.077444814
0.022261871
0.07104612
0.033511866
0.017462682
-0.05565906
0.11910985
0.0286046
-0.011718614
-0.0708946
-0.122260295
-0.2891866
-0.07549474
0.053565525
-0.13938661
-0.16404866
-0.016966194
-0.07773383
-0.117703624
-0.11939915
-0.14548223
-0.105248764
-0.08979454
0.06964327
0.03737163
-0.016410816
0.091710664
-0.04104323
-0.045382697
-0.028824767
-0.080542445
0.0346064
-0.016918227
0.016995376
-0.21359907
-0.08227234
-0.10674267
-0.04819736
0.07447032
-0.23040771
-0.20731999
-0.21703969
-0.18926316
-0.176005
0.07586012
0.16145153
0.12693554
0.06259796
-0.025562948
-0.0062682875
-0.04150986
-0.09251166
0.0012650058
-0.11875688
0.11244484
0.10430853
-0.04899335
-0.105651714
-0.19988632
-0.07702981
0.18892255
0.12535794
0.19387542
0.03636953
-0.23700543
-0.11845582
0.051652562
0.18125437
0.14958294
-0.01835784
-0.051853575
-0.18778682
-0.2565029
-0.06918412
-0.05213968
-0.063106
0.021192497
-0.034151345
-0.04672635
0.016455173
0.103866085
-0.010276521
-0.055347435
-0.008885519
0.02616127
0.011136378
-0.034819968
0.044863712
-0.018872742
-0.17107387
0.0700662
0.17354718
0.14202009
0.1726508
-0.11280344
-0.31525147
-0.24852097
-0.09952429
0.07217507
-0.0071411887
0.07202969
-0.24011968
-0.024291826
0.14129607
-0.19737302
-0.1687533
-0.10298655
-0.004816878
0.030681018
-0.081020065
0.08917954
0.02854709
-0.028738882
0.10041803
-0.02238074
-0.114208244
-0.15144385
-0.031049263
0.16867201
0.03262132
-0.053047307
-0.04846821
-0.08988391
0.05977911
0.07583426
0.08218548
-0.15051746
0.015069021
-0.040209435
0.011582849
-0.07675747
-0.1865292
-0.1895262
0.008098978
-0.21097107
-0.023060339
-0.15554507
-0.015961535
0.118246146
0.1468102
0.015561662
-0.039156802
0.12903883
0.0031577107
0.107320264
-0.06774358
-0.007308179
0.055446014
-0.033742826
0.035868723
0.08432618
0.014920056
-0.36362657
0.055075515
-0.060920026
-0.012460905
-0.13903506
-0.17993094
0.12011043
-0.13035521
-0.019568656
-0.03271293
-0.14391789
-0.010394146
0.005495463
-0.029879294
-0.096070774
-0.19548218
-0.14574233
0.07461502
-0.099233806
-0.08251903
-0.09308333
-0.058994986
0.24592252
0.05237958
-0.22934498
0.016020387
0.15143771
-0.09202558
-0.24328318
0.06302943
0.24472935
0.031098738
-0.08451019
0.041977976
0.0907262
0.125861
-0.22862677
0.04348344
0.15717661
-0.07205286
-0.16753075
-0.15066233
-0.050311368
0.072607204
-0.114445254
0.058744464
-0.1427301
-0.009174951
-0.025031893
-0.0654482
0.02096871
0.16371071
-0.16277555
-0.14363644
0.04054526
-0.039001524
0.13102923
-0.21725819
-0.052904416
-0.10893556
0.105521046
0.20282553
-0.097516775
0.0059011322
0.017718302
0.1594345
-0.079431936
0.077579826
-0.0043772687
0.005903222
-0.015471885
-0.11135649
-0.0022265376
0.09143376
0.012409468
-0.07852689
0.083247826
-0.02604889
0.18601331
-0.068175025
-0.065624386
0.14580534
-0.019502452
0.02640994
-0.17337446
0.113485835
0.06595609
-0.08645714
-0.022271877
0.13090293
-0.05204454
-0.06763495
0.1202219
0.041029226
0.03354487
-0.03566185
0.18709897
0.06585284
0.061518755
-0.12013605
-0.2362798
0.029402677
-0.1097836
0.18866429
0.110095605
-0.12805533
-0.09614551
-0.07138707
0.07525442
0.27894196
0.13137652
0.0060906
0.038235504
-0.07342243
0.015499904
0.1326082
-0.044660885
-0.02742397
-0.056596678
-0.2061308
-0.1195009
0.065352
-0.02708916
0.07679858
-0.16753174
-0.34601215
0.2069077
-0.027626734
0.23364063
0.27541894
-0.19418664
-0.095256865
-0.02867555
-0.057474375
0.16352092
0.13475783
-0.04666543
-0.08204118
-0.0069896793
-0.0014769424
0.107728474
-0.058421537
0.037446383
-0.07469705
-0.097093284
-0.035775468
-0.030851604
-0.15323691
0.006659156
0.111621395
0.0023213888
-0.031741418
-0.050972983
-0.12373178
-0.093555555
-0.10212905
-0.20568116
-0.06700339
-0.07681465
0.061236072
-0.025079781
-0.023020452
-0.2206511
0.0017037296
-0.02697497
0.093099974
0.027258992
-0.10200804
0.0298227
0.018460797
0.11016555
-0.013056875
-0.04251161
-0.031977266
-0.06576132
0.05365471
0.022467965
-0.18513986
-0.19432196
-0.098843776
-0.088039644
0.06520588
0.060955778
-0.0734403
-0.02315635
-0.05880211
0.120898195
0.06326984
0.15561411
-0.05718941
-0.17332141
-0.24481441
0.03195484
-0.06548909
-0.016117414
-0.37852013
-0.087697335
0.016621565
0.15019254
-0.18085031
-0.24762997
0.07937576
0.04224728
0.10697487
0.13330978
-0.026589625
-0.10619544
-0.08180358
0.005955972
0.18788834
0.0787988
-0.010286123
-0.035663124
0.0017170394
0.10215523
-0.004518171
-0.03629636
-0.050499517
-0.087636955
0.038575552
-0.05868751
0.12815501
0.004080813
0.058950193
-0.14640473
-0.031020055
0.277349
0.038422927
0.07372011
-0.07894138
-0.444573
-0.19360554
-0.04816048
-0.012976991
0.041980766
-0.0893759
-0.15666173
-0.120561466
0.0067948336
0.11513234
0.058987256
0.04450673
-0.021200279
-0.018350674
0.03938396
0.031299498
-0.071161985
-0.08893577
-0.050155897
-0.12796141
-0.21384868
-0.15740108
-0.18907942
-0.111097194
-0.22674403
0.050563287
0.07693607
-0.11750042
0.08708673
0.1154718
0.06329741
-0.073514074
0.05221414
0.102990955
-0.08950119
-0.2183247
-0.10937825
0.056760043
-0.007153477
-0.0057417327
-0.0023000091
0.09916034
0.054520186
-0.035739496
0.037278473
0.03680113
0.027042188
0.033111624
-0.14351904
-0.16459526
-0.0836549
-0.13050655
-0.23215769
-0.31140402
-0.026312303
0.085882165
0.07146023
-0.07133534
-0.059749436
-0.011174292
-0.008693716
0.028924247
0.0999012
0.06834697
0.015078236
0.105767496
-0.005161729
0.17671587
0.08217318
0.015353614
-0.0063950117
0.022654716
0.030285727
-0.043578036
-0.11020538
-0.2763308
-0.14892945
-0.15140043
-0.2827857
-0.27014762
-0.06943076
0.0902737
-0.22936915
0.08498741
0.041292723
0.15728451
0.13086438
-0.015865518
0.080049716
0.1607908
-0.027732158
-0.15428418
0.07834057
0.036522035
-0.10624366
-0.233264
-0.28303233
-0.2108138
-0.2079276
-0.30280998
0.0786532
0.2373515
-0.118020535
0.062347855
0.10721114
0.25645414
0.07040763
0.2596966
0.2015014
0.18680684
-0.11121413
-0.34033373
0.13173112
-0.00023801207
-0.054221775
-0.3539661
0.0009257442
0.020491315
-0.09067743
-0.10085016
-0.107282944
-0.022226926
-0.055166367
-0.1087373
-0.13243978
0.009030112
-0.23092374
-0.24737144
-0.08697802
0.0047948495
-0.08586902
-0.08526915
-0.117162086
-0.14496836
0.04985537
0.02191272
0.08182321
0.007869027
-0.005032171
0.08144677
0.011889819
0.004006513
-0.02234706
-0.03480678
0.1273039
0.14711376
0.32186458
0.11589504
0.06439555
0.15201195
0.008371349
-0.24758227
-0.073133685
-0.22630526
-0.35121745
-0.13605838
0.11876084
-0.37949952
-0.3452746
-0.06001946
0.18845646
0.30586666
-0.007148013
0.04803183
0.13061094
0.00050847995
-0.14124621
-0.17294
-0.17308247
-0.40433407
-0.115961686
0.09151363
0.03297061
0.023284864
-0.11345199
-0.23891172
-0.10233246
0.111465454
0.1827351
0.046661742
-0.027550366
-0.023150956
0.046717286
0.16260706
0.13348167
0.23902652
0.18499483
-0.19150327
0.03291958
0.092125274
0.1053443
0.06052392
-0.23204552
-0.2910769
-0.19636704
0.16795106
0.19057064
0.2189891
-0.085588574
-0.39282763
-0.5972137
-0.052264336
0.10306743
0.18709782
0.1630283
0.037681747
-0.050509334
0.11360151
0.055142477
0.044679824
0.101379566
0.012684733
-0.0749587
0.047531653
0.18251799
0.09043903
0.04187056
0.020879252
-0.066432334
-0.2332894
-0.32740343
0.20074372
-0.15281394
-0.28963456
-0.17886354
-0.24854906
0.018917758
0.027868146
-0.13116623
-0.047149714
-0.25654373
-0.05372774
0.12261685
0.12999602
0.15981019
0.006101495
0.057142597
0.11036845
-0.1170935
0.023032825
-0.07484418
0.121025994
-0.0036253412
-0.12332844
-0.41311485
-0.10781656
-0.037479773
-0.07890308
0.17447163
0.12570265
-0.11400556
-0.1594061
-0.045175403
-0.09763057
-0.05720281
-0.015115897
-0.050900184
-0.02228467
-0.17821188
-0.080847405
-0.1574667
-0.026809113
0.032950427
-0.037093725
-0.11689538
-0.11487185
-0.052235402
-0.12484875
-0.37595403
-0.35191837
0.023022419
0.10015999
0.10253136
0.028019
-0.38307574
-0.32218495
-0.18165122
0.18375534
0.106517635
0.15767053
0.050485015
-0.09785105
-0.013248948
0.16511732
0.17604104
0.16784592
0.16072856
0.04730692
0.09400422
0.07421182
0.11946618
0.053377718
-0.035507217
-0.19022517
-0.20989972
0.048489027
0.22400098
-0.06329097
-0.28431892
-0.547282
-0.07246855
0.31065306
0.060420465
0.00030369638
-0.15383
-0.4597308
-0.44706827
0.13116682
0.1251872
0.06380512
0.024126489
-0.10421879
0.15808366
0.0827173
-0.029447114
0.023143526
0.13994004
0.015241005
0.008402204
0.11642722
-0.067008376
-0.15011194
-0.044700902
0.09959181
0.06591327
0.18932916
0.022880835
0.099324375
0.009212041
0.02441774
0.060296778
0.014231274
-0.018356878
-0.18655363
-0.072776
-0.23883066
-0.0913783
-0.23326433
-0.021919105
0.06364723
0.09643372
-0.077917084
0.11999255
0.0034742467
0.05415482
-0.1800185
-0.27441615
-0.015176569
-0.053755503
-0.071222566
-0.022573858
-0.08136034
0.22769685
0.15626538
0.26506177
0.33346424
0.13868967
0.069185585
-0.06414538
-0.015148475
-0.13510917
-0.09267712
-0.064561956
-0.020405693
-0.14486168
-0.086946465
-0.034331672
0.057213068
-0.1278203
-0.056393985
0.033905856
-0.034033455
-0.09365752
-0.0068292236
0.02319495
-0.019439537
-0.07167871
-0.15174651
-0.0373261
0.015782505
-0.115256034
-0.19604975
0.095008604
0.22055669
0.09546495
-0.025831573
0.03935555
0.014364023
-0.033715997
-0.23287068
-0.20222273
-0.105116166
0.02920287
-0.055088297
-0.090186924
-0.15305223
-0.099047095
0.041127693
0.021771127
0.14053173
0.08467511
0.24128005
0.1885787
0.12748761
0.02698178
-0.16387263
-0.05595863
0.098267645
-0.061797723
-0.26392767
-0.2146268
-0.15289126
-0.16829737
-0.20635417
0.049990468
0.30080798
0.3645017
-0.028116725
0.0065442696
-0.05808644
-0.12894455
-0.17270109
-0.021496344
0.14780721
0.03543016
-0.008615871
-0.12029135
0.08530632
-0.020466596
0.005584434
0.16218813
0.16001767
-0.09147065
-0.09465184
-0.035768475
0.0035905926
-0.05486512
-0.051506493
-0.008350809
-0.09444079
-0.14409547
-0.14359668
-0.04398054
-0.052717984
-0.087480105
-0.06469863
-0.09722409
0.11618128
0.035729755
-0.11241756
-0.15878755
-0.3677892
-0.12553716
-0.17288688
-0.001718163
-0.043913763
0.057784606
0.092279956
0.24402316
0.24942492
0.21836221
0.3306688
0.12759805
-0.026079724
-0.18849188
-0.29854864
-0.31266144
-0.0027118754
-0.016009286
-0.04027196
0.14174175
0.1351131
0.004154389
-0.14671876
0.09118723
0.041993037
0.0008446618
0.08383774
0.15463464
0.15060312
0.09137581
0.08972472
0.07454099
-0.100811824
-0.1614127
-0.1387222
0.08204628
-0.11229644
-0.11464282
0.0013506381
-0.2755293
-0.08042607
-0.1548542
-0.022791564
0.10175033
0.01746858
-0.13983685
-0.13670513
-0.15093966
0.031188631
-0.062591515
-0.13570978
-0.02729956
0.02079261
-0.2111033
-0.0054094414
-0.12105305
0.25677812
0.26725397
0.06989012
0.14847407
0.22203955
-0.018600075
0.0172716
-0.025574302
-0.072919846
0.1403894
0.091606006
0.16209997
-0.0013979669
-0.11050235
-0.14431465
0.10160781
0.0068978854
-0.13424192
-0.016109431
0.09509104
-0.018183699
-0.037773106
0.12696259
0.25452366
0.15893249
-0.17525977
-0.1397364
-0.00957181
0.053503133
-0.12623532
-0.00049022236
0.022531666
-0.045532066
-0.18131557
-0.19848911
0.1568757
0.15736236
-0.22360228
0.06250514
0.11552386
0.11983617
-0.13348751
-0.09548113
0.038188625
-0.08501178
0.19149885
0.30422378
0.34294787
0.16831504
-0.13905285
-0.069317885
0.052424982
0.15406841
-0.0028535635
-0.055190932
-0.30361944
-0.12534423
-0.2155253
-0.42950332
-0.3208915
-0.052407272
-0.058625054
-0.08331251
-0.033000655
-0.0993882
-0.06076018
-0.12854953
0.053513546
-0.017989943
-0.17085008
-0.06369717
-0.056988142
-0.11938253
-0.08535163
-0.11627709
0.10804579
0.17034313
0.04703471
0.048128296
0.008236548
0.056114707
0.07224534
-0.088462725
-0.116219915
-0.02588084
-0.07350264
0.07292644
0.0642699
-0.21000832
-0.283383
-0.12890571
-0.09796815
-0.067930415
-0.23160669
0.09724096
-0.07902204
-0.18930513
-0.03153109
0.103675015
0.07301403
0.023720674
0.023838695
0.011638752
0.006420774
-0.040017862
0.11996423
0.13498753
-0.0025375932
-0.036535773
0.103154995
-0.03803882
-0.1762956
-0.09989392
0.13193263
-0.13957717
-0.23715994
-0.27370697
0.006595192
0.0046870154
-0.088551015
-0.06666253
-0.14769693
0.008134815
0.11741691
-0.068003595
-0.14880657
0.016816892
0.051784888
0.025692267
-0.20583643
-0.057219807
0.09832943
0.109759286
0.05692555
-0.23137957
0.035236374
-0.06313244
0.038021237
0.105732016
-0.054209556
0.044229522
-0.10663277
-0.06434226
0.069419555
-0.04372063
-0.012566451
-0.08446262
0.10688954
0.043157674
-0.039333794
-0.12673885
-0.060678173
-0.010396746
-0.06121982
-0.061795115
-0.12074869
-0.031362608
0.06079676
0.02840612
-0.12644012
-0.04891052
-0.14984715
-0.21605103
-0.10333175
0.07482719
0.06304199
-0.089520596
-0.22303233
0.14831427
0.2686387
0.10088737
-0.34506142
-0.13073635
0.109076895
0.17127176
0.15487854
-0.20626612
-0.02602956
0.2677184
0.038314894
0.117156535
-0.11174131
0.05229668
0.1638856
-0.09030686
0.04297617
-0.050992247
0.014026127
-0.003731407
-0.17278577
-0.3011673
-0.2173075
0.196261
0.09961668
-0.11820512
-0.14212485
-0.024127847
0.22529168
0.13133156
-0.27685243
-0.1281491
0.005447942
0.2536046
-0.11319857
-0.36678982
-0.101713054
0.17863327
0.17410128
-0.3313035
-0.20783904
-0.01671559
-0.11982549
0.038029812
0.18109587
0.073662534
-0.06782932
-0.09867599
0.18308227
0.1089219
-0.06929954
-0.15854707
-0.037971426
0.12853567
-0.023406895
-0.16198646
-0.17844774
-0.037744295
0.1292573
-0.024116179
-0.14696713
0.005291167
0.01778247
0.14156353
-0.064141184
-0.17661893
-0.08365501
-0.060309783
0.14500406
0.10848295
-0.08061257
0.1918046
0.02290676
-0.103494324
-0.112729445
-0.11764213
0.0022813266
-0.17027481
-0.20416771
0.12648949
0.020458004
-0.027920647
-0.2578025
-0.026688341
0.028569425
-0.049672596
-0.023519611
-0.10780217
0.034650393
0.06240356
-0.22607905
