-0.20578727
0.06909538
0.055188715
-0.1738541
0.058471486
-0.09358741
-0.0496083
-0.22706419
0.11977226
0.056596342
-0.17193136
-0.024760941
-0.19538617
0.22965465
-0.105025806
0.2689583
0.0929977
-0.028213566
0.12476004
0.11274663
-0.22103764
-0.24803293
-0.10605221
-0.07344755
-0.0016468825
0.20724344
-0.26063338
-0.10240482
0.12417851
-0.07302639
0.07096217
0.12418639
0.18428078
0.06012195
-0.07400084
-0.17549707
-0.038857803
-0.109071
-0.19493255
0.011603042
0.036687747
-0.10538913
-0.39507988
-0.114891514
-0.3682549
-0.03012928
0.040059026
-0.25967497
-0.031334423
0.08540703
0.10654604
-0.04321791
-0.07620695
0.06907403
-0.03643757
-0.21003643
-0.27232
-0.1653765
-0.0058526
0.060944494
-0.2124319
0.012000488
-0.13519423
0.021135712
-0.13066599
0.03941114
0.08193658
-0.1434903
-0.0755128
-0.33218914
0.16304387
0.13227168
0.15329587
-0.04166854
0.10384726
-0.05912522
-0.1505803
0.08870616
0.07091276
-0.21190538
0.06722538
-0.07264812
-0.11723644
0.049043506
0.065609716
-0.20750661
0.1977071
0.108647294
0.027766405
-0.065032706
-0.15605025
-0.051511843
-0.058320343
0.18569712
-0.095300056
0.07714968
-0.24146037
-0.06215822
-0.010044522
0.20025748
-0.06184998
-0.10637797
-0.13295276
0.093133956
0.06987389
0.05955781
-0.16215447
-0.24168876
-0.2831868
-0.01030108
-0.06215533
0.06617168
-0.0008719242
0.06118016
-0.021185309
-0.10489207
-0.060773198
-0.24873607
-0.13954343
0.10499775
0.07266274
0.26070896
0.12075639
-0.008686594
-0.052507248
0.104651034
-0.13082668
0.30709693
0.1385696
0.19829711
-0.24959846
0.11087582
-0.0056390376
-0.18711972
0.24171539
-0.04156012
-0.018994235
-0.033724345
-0.019749835
0.093852304
-0.033973534
0.12387785
0.102093875
-0.12908502
-0.05876988
-0.12051656
-0.061742984
0.019857159
-0.081128806
-0.051062796
-0.26748937
-0.117473595
-0.02747959
0.08663771
-0.24272367
-0.10780243
-0.33031404
0.036622107
-0.101498924
-0.05483571
0.12732224
-0.21743017
-0.14474384
-0.07616202
0.11820193
-0.020588122
-0.18348287
-0.18503636
-0.06657352
-0.1826472
-0.15429962
0.15509334
0.041061405
-0.06697975
0.005256292
-0.038883798
-0.20350167
-0.15684393
-0.085171245
-0.254331
0.17191425
-0.22608177
-0.033741068
-0.05898474
-0.34606487
0.107403316
0.082812816
0.06145596
0.022349067
0.099038824
-0.071952716
0.08747631
-0.19864136
0.12106047
0.06294487
-0.044892196
-0.2637343
-0.06344152
0.1595845
0.11554644
0.11697093
0.21188673
-0.065157585
0.06382791
-0.08835955
0.13689812
-0.15492335
0.080179684
0.06059192
0.02990034
0.04164028
-0.13626122
0.05129588
0.04420572
0.007550671
0.169385
0.15916598
-0.06249323
-0.05676088
-0.18124877
-0.036632195
-0.21197264
-0.2522861
-0.15058874
-0.10523536
-0.36448348
-0.26695105
0.07979859
0.1378722
-0.095183626
-0.002843737
0.111719586
0.011588761
0.02269779
-0.18364172
0.010036641
0.035417836
-0.10792122
0.020658016
-0.20845222
-0.18782556
0.045096938
0.11905782
0.057080876
-0.029805237
0.09814817
-0.25299427
0.053623233
0.11022896
-0.0938183
0.013500916
-0.11343575
-0.21322684
-0.3674558
-0.08366554
0.1140991
-0.046347857
-0.037685525
-0.005297837
-0.089917466
-0.11835618
-0.04776502
0.010559518
0.058767594
0.008626276
-0.52815086
-0.04143452
-0.13270965
0.0827465
-0.023868022
-0.113944925
-0.17322113
-0.02728225
0.15006416
0.010882825
0.06184727
-0.008340246
-0.19257237
0.045356616
0.06503303
-0.12837274
0.10267657
0.004587794
-0.014856295
0.0008548227
-0.19509836
0.037845507
0.028986303
-0.092714414
-0.29444033
-0.30866757
-0.15632367
-0.18352966
0.15315092
0.029598927
-0.33730713
0.15917479
-0.22651015
0.053028025
-0.24221009
0.12053459
0.16800681
-0.27597135
-0.115441106
0.08280493
-0.19668873
0.045219816
-0.024368577
-0.06539313
0.23812048
-0.24828023
0.05422387
-0.06270251
-0.03206731
-0.069568984
0.061392043
0.13381578
-0.09459292
-0.0461869
-0.3425852
0.057743218
-0.1098988
-0.0043865377
-0.08052374
0.07515871
0.05948641
-0.25496456
-0.08801839
0.099249765
-0.12726599
0.16859986
-0.07073492
0.09617249
-0.015608654
-0.052003108
-0.09684186
0.14822672
-0.11742504
0.07757183
-0.22560032
0.071799785
-0.017681126
-0.11597146
-0.0064786226
-0.24692425
0.020251088
0.15546076
-0.105457835
-0.04342906
-0.13718142
-0.055488724
0.030489618
-0.023740415
0.17673302
-0.124536775
-0.007272248
-0.22011584
-0.11823853
-0.042083364
0.056621112
0.1339767
0.16685362
-0.03752573
0.055273797
-0.21863629
-0.119537115
0.054718398
0.08975982
0.05943219
0.20077698
-0.13481106
-0.14562567
0.049019806
-0.023391902
0.106626384
-0.3131747
-0.14037982
-0.21098481
-0.30481097
0.16574158
-0.0116057275
-0.06682968
0.032272197
-0.04084511
-0.057144977
-0.27439368
-0.09535732
-0.12914093
-0.07254045
-0.44361505
0.15615097
-0.16316685
0.091661654
-0.099715434
0.03775944
-0.23854321
0.047024265
-0.17674129
-0.048312258
-0.048327845
0.096871324
-0.17389533
0.1767305
0.12989262
0.047057685
0.03259924
-0.13267307
-0.088101745
-0.0347867
0.06589281
-0.090228006
0.19130306
0.030521782
-0.117902175
-0.17188996
0.16061564
-0.27899382
-0.03039497
0.09527558
-0.04215712
0.10431448
-0.23756658
-0.12139582
-0.076446906
-0.03346692
-0.00054477464
-0.01686711
-0.090248585
-0.15079439
0.13473567
0.10580012
0.045659915
0.1320899
-0.13121562
0.015619637
0.07999311
0.10508069
-0.25704044
-0.0031251742
0.09634574
-0.03594366
0.110287696
-0.011556189
-0.009208978
-0.017800441
-0.20201014
0.04619439
-0.021445416
0.13569298
-0.06366706
-0.15216236
-0.037369706
-0.15483865
0.05628539
0.14966723
0.104320176
0.10193397
0.050681915
0.15033677
-0.11970371
0.10622389
-0.033038158
-0.35277346
-0.39428496
-0.441861
-0.16564055
-0.06874245
-0.15674105
-0.11875671
0.12032549
0.00092485565
-0.16549617
0.068122275
-0.28975788
-0.02093007
0.039966825
-0.011794461
0.02128801
0.04103642
0.12989376
-0.056118183
0.06980911
-0.17398575
0.119553275
-0.13016479
-0.10688343
0.034877144
-0.09071708
-0.028854348
0.15063646
0.03532164
0.08592646
-0.17667274
-0.005506459
0.05312631
-0.20833135
0.10108021
-0.2283864
0.06414405
0.12890637
-0.21926446
-0.061618395
-0.16890936
0.107919686
0.043416113
-0.14964686
0.14165798
0.13185748
0.05265393
-0.10541206
-0.047748458
0.061755974
-0.10222676
-0.15699275
0.10271521
-0.27509066
-0.078070775
-0.17921098
-0.14778975
-0.1995467
0.14282899
-0.15190859
0.10400134
-0.0004366865
-0.14574698
-0.26077133
-0.08367275
0.04302627
-0.09480843
0.07392274
-0.040326074
-0.032208096
0.07222353
-0.3065403
-0.10875124
-0.30195487
0.117875986
-0.00085112854
-0.10264043
0.087385036
0.13505378
0.1793397
0.085686736
-0.21538942
0.10773594
-0.11073795
-0.48906326
-0.06192649
-0.07216704
0.15693657
0.04149556
-0.052459314
0.11266435
0.029269138
-0.04212388
0.07517934
0.07577485
-0.11377259
-0.16865821
-0.11837118
-0.15590581
-0.27230725
-0.053776335
-0.18816684
-0.26326838
-0.062647216
-0.21586037
0.110357404
-0.29430038
-0.077021115
0.1228384
0.09962859
0.048951335
-0.07056833
0.060670823
0.12221902
0.068689406
-0.08238305
0.03417198
0.061835133
-0.034184124
-0.047509633
0.10765574
-0.18407047
-0.12428316
-0.053557426
-0.38322198
-0.00584754
-0.09305576
0.08425658
-0.06297251
-0.12682776
0.0844338
0.036352947
-0.083633095
0.030598529
-0.15545495
0.15918785
-0.0944789
0.07479409
-0.21704108
-0.048352964
-0.09962247
0.047543537
-0.2612091
-0.03503671
-0.26207563
0.14114958
-0.08576215
0.02261289
-0.034633603
-0.11380205
0.05421724
-0.097994454
-0.17780983
0.073554136
0.14697768
0.1364033
-0.16826361
0.06341188
-0.25583103
-0.20762622
0.08120815
-0.08027471
0.17130879
-0.22194558
-0.27928838
-0.011648889
-0.2176338
-0.0058066207
0.111422785
-0.17059946
0.13537222
0.06776679
0.07872413
0.1490765
-0.006912769
0.08361045
0.12280473
-0.074046075
0.04842209
0.00027203365
-0.015903117
-0.16055687
-0.04069512
-0.1413896
-0.15133314
0.17446725
0.14071797
0.13749446
-0.18420793
-0.20944639
0.13294904
-0.10012104
-0.19052662
-0.1492431
0.0141767915
0.11311242
-0.20364213
0.01198044
0.15170532
-0.065894894
0.024014568
0.21505988
0.18873282
0.19346419
-0.4307775
0.0041249725
0.08098602
-0.10529209
-0.04983352
-0.33906856
-0.006933341
-0.18795702
-0.1426087
0.0989132
0.039435543
-0.014413022
-0.10110136
-0.0779561
-0.19857346
-0.22551462
0.086296454
-0.17562735
-0.3182933
-0.15043992
0.024177952
-0.1803889
0.123745255
0.16069764
0.16852224
-0.30690604
0.0689424
0.06002603
-0.12780416
0.09240876
0.048251856
0.013470783
0.043009877
0.032666635
-0.2000399
0.08133058
-0.12970532
-0.084206045
-0.21553963
-0.3091743
-0.19344279
0.114816666
-0.2709087
-0.12244323
-0.009136536
-0.0378804
-0.08258374
0.07450852
-0.10698775
-0.17693317
-0.27231774
0.08019398
0.025258413
0.12438134
-0.21127525
0.14562468
0.1625719
0.012445401
-0.073549315
0.06874228
0.039822277
-0.09722586
0.15490244
-0.18982439
0.021987908
-0.14222382
0.06884241
0.010855292
0.047573455
-0.08200579
-0.07809021
-0.10986868
-0.16006881
-0.161661
0.049570832
0.12547699
0.14407697
-0.14042588
-0.115661755
-0.05965158
-0.064393595
-0.22601086
0.044375766
0.052536618
0.15567622
-0.17650354
-0.22480755
0.07124495
0.14202642
0.1386085
0.033210814
0.03691457
-0.1342563
-0.27273658
-0.041897353
-0.10524506
-0.089672856
-0.038415182
0.15634595
0.026691291
-0.121870756
0.0058228285
0.19337952
-0.08035922
0.017414382
0.14452831
0.031047117
0.13082655
-0.19894302
-0.12127223
-0.08515693
0.067363456
-0.119813494
0.12047546
0.07785967
-0.11252151
-0.19348577
-0.041309558
-0.092196934
0.051686298
-0.11847799
-0.06666233
0.04675349
-0.029625496
0.12504885
0.13840754
-0.12393647
-0.014539668
0.062447462
-0.08309033
0.005179615
-0.045548614
-0.14381623
0.2341655
-0.18977578
-0.24728806
-0.028755298
0.009739775
-0.18434574
-0.170024
-0.26262054
0.23282982
-0.054753095
-0.16614178
0.09936612
-0.12121509
0.15891933
0.16912828
0.12460087
0.094536506
-0.17705627
0.013769329
-0.17632759
-0.10887866
0.17323819
-0.07362195
0.09071176
-0.42201963
0.010521822
-0.15051071
0.069492005
0.13570331
-0.07422609
-0.0655243
0.08362324
-0.07589333
-0.1694559
0.120095216
-0.17213634
-0.052840326
-0.05783603
0.053403478
0.17280008
-0.12116519
