-0.023095867
-0.033564232
-0.009068888
0.0017886062
-0.019695543
-0.025653094
-0.043671705
0.0016168144
0.016358994
-0.007401134
0.0119248675
-0.026135933
0.0013718329
-0.034063492
-0.01704535
-0.09099726
0.009947364
-0.02119678
0.05851608
0.009502056
-0.017701436
0.0031591079
0.0039672293
0.0058811507
-0.011995148
-0.0188062
0.011988069
0.018563101
-0.0015476899
-0.046542242
-0.018021852
0.042526484
-0.009054309
0.038933393
-0.012207758
-0.00438043
-0.03012443
-0.006468953
-0.0069751595
0.01451861
-0.018357566
0.015077647
-0.035608795
0.019708153
0.04824037
-0.02258489
0.014830957
-0.017346831
0.0096924445
-0.038044333
-0.031161832
-0.0065127374
-0.0090186605
0.005609818
-0.019658983
-0.0075388267
-0.012711673
-0.016629005
-0.029882109
-0.010692936
-0.06988604
0.030512953
-0.057928722
-0.00220203
-0.027690632
-0.05928314
-0.025038049
-0.063423626
0.0038530042
-0.036457963
-0.028841788
-0.03178569
-0.01105509
0.016317094
-0.043119837
0.014862977
-0.021840844
0.031067021
0.0024520773
0.0485176
0.0046969242
0.003912668
-0.036961127
0.05746811
-0.047809795
-0.051471826
0.018954886
-0.031867445
-0.013989189
-0.008361884
-0.016556067
-0.036616832
0.003653559
-0.011987648
-0.0067791664
0.02341121
0.0072107827
-0.0055859294
-0.0047385297
-0.012548037
-0.008241416
-0.044494793
0.019640911
-0.04245861
0.002252096
-0.010868718
0.05300972
0.010000783
0.010117491
-0.042971957
0.019711824
0.010672879
0.037985303
-0.07690941
-0.04749732
-0.0767057
0.0055023255
0.004132855
-0.021365361
0.019231897
0.022522893
-0.030864967
-0.009498179
-0.015116652
-0.051805675
-0.050435495
-0.027944895
-0.02569925
