-0.072726205
-0.6638018
-0.40272304
0.4068109
0.3674795
-0.13698694
0.2697967
0.33295742
0.14523403
0.54699314
0.29161125
0.5017468
-0.38459763
-0.10874231
-0.19556887
-0.15268409
-0.3477755
-0.31688404
0.1434903
0.31354517
0.2780674
0.049034953
-0.0038024494
-0.22381921
0.24158034
0.13564889
-0.12094538
0.12533593
0.2080409
-0.4524166
0.22823976
0.11749837
0.42269966
0.21520711
0.009826803
0.10967275
0.3057353
0.5108618
0.42660144
-0.024484845
-0.04350171
0.4367588
-0.6496593
-0.6301041
-0.37815022
-0.09119055
0.4352347
0.3929668
-0.6308399
-0.31759894
0.34999466
-0.4335316
-0.7724572
-0.7393035
-0.41642255
0.34900084
0.29305556
0.2118385
0.4676155
0.08544703
-0.4587536
0.061099727
-0.030813454
0.7337758
0.7828999
-0.017030656
0.23106848
-0.11942405
-0.5499327
-0.04895689
-0.50001645
-0.6837291
0.10140717
0.23970762
0.04190875
0.081766576
0.25619128
0.0161027
0.16612616
0.31392315
0.23208264
-0.45303327
-0.69631827
-0.19661394
-0.50580287
-0.04468522
-0.23350711
0.229044
0.26654884
0.49517006
0.063887715
0.12484979
0.13617416
0.39967504
0.12463282
-0.090826325
0.39433622
0.113821015
-0.57530797
-0.54041946
-0.063995525
0.1658378
-0.28662333
0.33131036
0.013343438
0.4310079
0.37264258
-0.14575593
0.38775536
0.27125022
-0.02901944
0.50603795
0.095922366
-0.719997
0.4288927
0.07976445
0.066398755
0.16421647
-0.10075347
-0.8311587
0.4023536
0.48948702
-0.41232863
0.3976446
0.40358475
-0.1042575
-0.40558445
-0.39262804
-0.3068694
0.045460336
-0.15591702
0.028989384
0.53638935
0.39961946
0.24465905
0.3244783
0.3009685
-0.4185631
-0.14646137
0.5025957
0.20340839
-0.10029695
0.03629069
0.37251583
