-0.24979246
-0.07841328
-0.022331236
-0.04772469
-0.08157357
-0.27011675
0.055235624
-0.022814963
0.095504306
0.33436653
-0.07356245
-0.12600562
-0.24997015
-0.06943715
0.16466008
0.25174546
0.28106645
-0.01010744
-0.14789934
-0.014402712
0.11111391
-0.07535573
0.1699429
-0.059369095
0.020338224
-0.0031989976
-0.1267182
-0.24552375
-0.014023984
0.026040772
-0.012852311
0.02785095
-0.092077166
-0.024353746
-0.044199478
-0.1786615
0.121931955
-0.36323938
-0.09782361
-0.40762246
0.0015532605
0.14630254
0.32377508
0.27825361
0.037109204
0.106611416
-0.367664
-0.14938727
-0.31874996
-0.28339472
-0.17640038
0.13318965
-0.04298854
-0.109780595
-0.124677405
-0.121115506
-0.015273789
-0.021041209
0.08498529
0.12093504
0.025293125
0.0032945604
-0.07715094
0.18732476
0.04895605
0.03342003
-0.03416332
0.23178522
0.17516252
0.15086809
0.17375241
0.12809303
-0.20196682
0.05971207
0.022312958
-0.0065792464
0.02294152
0.06589707
0.008882213
-0.24171583
-0.17837724
-0.022292241
0.12461387
0.034679405
0.10693339
-0.12911215
-0.14450584
-0.28727388
0.028721584
0.00628092
-0.14561298
-0.056082897
0.05672485
0.10611492
0.19924608
0.012629845
-0.026441377
-0.15645862
-0.13027854
-0.19479352
0.13321048
0.14314625
0.12670179
0.16805372
0.029992225
-0.06571709
-0.17532519
0.09327424
-0.20278475
-0.006856832
-0.035178486
0.06396417
0.053733446
0.086832225
0.04494261
-0.06559238
-0.16232318
-0.21494807
-0.047129653
-0.1153105
-0.040419854
0.010778992
-0.095564716
0.04227999
-0.25499868
-0.06673683
-0.09062119
0.26108712
0.18584253
0.14387232
-0.00096539594
-0.2884244
-0.1869193
-0.11808182
0.32235882
-0.21061489
-0.0494477
0.10887055
-0.108273335
-0.066843964
-0.015085252
-0.068963
-0.025749044
-0.16819924
-0.10349585
-0.2076602
0.00682447
-0.04025088
0.058623917
-0.20494111
-0.09269567
0.2775469
0.3123709
-0.2941982
0.030304495
0.12578289
-0.38802907
-0.11818033
0.13513407
-0.06898398
0.06430637
0.057040505
-0.05277513
0.07613751
0.024477918
0.035891954
0.06129424
-0.1292185
-0.08336574
-0.021743383
-0.18254608
0.0027488652
0.041470245
0.07163389
-0.06671711
0.0006197285
-0.22258541
0.004375666
0.14588709
0.08892617
-0.39226714
0.14970064
0.3984195
-0.048509948
-0.30990234
0.13204238
0.2933729
0.38433218
0.260176
-0.46284834
-0.733273
-0.3688966
-0.16602093
-0.6213735
-0.19037054
0.17394921
0.21096672
-0.042788267
-0.08496458
0.03803544
0.20845503
0.058863144
0.06651432
0.028082164
0.04139134
-0.008383238
0.013849489
0.11352705
0.267995
0.28100714
-0.19259219
0.18973622
-0.02506928
-0.3385974
-0.15643862
-0.22745885
-0.042282067
0.054931197
-0.032910775
0.011618095
-0.0043085497
-0.18879125
-0.1161012
0.10211744
-0.003223787
-0.053572115
0.12835923
-0.11644368
-0.30039108
-0.2309682
-0.14266177
-0.16702653
-0.5647749
-0.013322176
0.1266832
0.20049278
-0.031517923
-0.007450043
0.08307921
-0.20618832
-0.10986609
0.062239286
-0.04680267
-0.05131352
0.099348016
0.113954805
-0.0045150993
0.010589383
0.024733413
-0.17648344
-0.008343265
0.17587936
-0.03170761
0.016027693
-0.018167058
0.062589146
0.085267596
-0.19808072
-0.20398138
0.14837459
-0.014115507
0.026373427
-0.119409174
-0.13440798
0.066743165
0.12938084
-0.20488338
0.01802625
0.23082364
0.10502549
-0.031041821
-0.010236549
0.003929299
-0.3679388
-0.07257271
-0.023791995
-0.31032965
0.1138704
0.29801637
-0.016785847
-0.046929043
-0.03195353
0.093091585
-0.089441985
-0.20586582
0.04111227
0.26895496
0.024172537
0.027392307
-0.15485919
-0.117455184
-0.05638143
-0.175802
-0.26016966
-0.14145538
-0.08373209
0.09841228
-0.11175361
0.0548703
0.16302472
-0.2188003
-0.07607012
-0.0030592734
-0.20077594
0.006980931
-0.05691019
-0.119329296
0.10476636
0.09245336
0.09749939
0.05924623
-0.14030205
-0.013944703
-0.109138004
-0.08710535
0.017095089
0.0008252428
0.11898037
0.09708261
0.0407652
-0.05781316
0.10971978
-0.049890812
-0.19938232
-0.24292804
-0.06394188
0.21921062
-0.2812358
-0.09258985
0.1360197
-0.11983884
-0.13740641
0.07146768
-0.34712425
-0.23384522
-0.15176636
-0.43268374
-0.24801682
0.025777623
-0.31607267
-0.10721242
0.11930548
-0.0028169425
0.1482845
0.06708903
0.0013949291
0.013389166
-0.1732116
0.051396295
-0.052595098
-0.06377793
-0.41377085
-0.047523197
0.12140686
0.038491182
0.16685258
0.0956659
0.1082131
0.06923353
0.032672614
-0.07742068
0.13725047
0.026351267
0.0122010205
0.10397108
-0.10560086
0.009696059
-0.06372841
-0.10897446
0.039902635
-0.052216917
-0.30856538
-0.15398559
-0.14886601
-0.047917075
-0.3056482
-0.048047576
-0.03100394
-0.074930854
0.07097892
0.085153215
0.13319354
0.0991368
-0.1685292
0.11606834
-0.027154619
-0.004606839
0.098528415
0.15746552
-0.034084998
0.15987495
-0.035729647
-0.29737467
-0.0033260463
-0.032196335
-0.021186769
-0.09599322
-0.04525458
0.13419569
0.106855765
0.11308143
-0.0877375
0.13257304
0.08506174
-0.037502065
-0.2142203
-0.09297967
0.027123554
0.09244144
-0.048838012
-0.21402775
0.15656541
-0.024882024
0.07894448
-0.09256354
-0.09504465
-0.10572708
-0.23982644
-0.35994762
-0.1471758
-0.3907151
-0.0072044833
0.014148609
0.014527922
-0.03429184
0.09813155
-0.0616037
-0.023911156
-0.11029835
0.044032786
-0.060624804
-0.29677257
0.18465526
0.4517984
0.1486278
-0.36705765
0.24678974
0.071248956
-0.31893227
-0.15063281
0.05918149
-0.092028305
-0.38017088
-0.23813708
-0.14870323
-0.52133113
-0.32633686
-0.37160602
-0.21095173
-0.18257134
-0.078864336
-0.07602005
-0.17632392
-0.050256558
0.14047977
0.009260309
-0.045732528
0.1255653
-0.06230368
0.09399285
0.07339578
-0.19423252
-0.08729174
0.1428553
-0.025254866
-0.01248211
0.14411983
0.04363893
0.31872246
-0.29320014
-0.48230237
0.07486051
-0.463927
-0.5057538
-0.13690805
-0.30612424
-0.33736876
0.08045193
0.015081369
0.039919447
0.035604715
-0.30082262
0.12933451
-0.12413715
-0.23393862
0.010821995
0.17295788
-0.11804052
-0.2958804
0.012022038
0.122688405
-0.23165986
0.030619744
0.041520078
-0.26180297
-0.0393519
-0.31924278
-0.25649175
-0.3256184
-0.0565299
0.029410385
-0.1932659
0.15431184
-0.10265194
0.024277383
-0.0047299424
-0.35271484
-0.029924978
0.15992229
-0.11302129
0.02868679
0.17656161
-0.078930326
-0.28488857
0.07385799
0.053335033
0.09987619
-0.27430016
-0.096703
0.14466064
-0.21561044
0.046048906
0.025436116
0.08395527
-0.16240597
-0.25680527
0.076653376
-0.053021748
0.06546152
0.23601294
0.03401549
-0.13302934
0.019068476
-0.040479716
-0.025103498
0.14425425
-0.047851678
0.099788904
0.09449761
-0.06841698
0.14753982
0.12076289
-0.24083824
-0.23836751
0.15722555
0.034457166
-0.16469091
0.16994323
0.07465487
0.22766887
0.36456165
0.036759447
-0.102023765
0.40137687
0.17266881
-0.045268815
0.19413564
0.0797893
-0.21658033
0.3453953
-0.025972309
-0.38731557
-0.103959896
-0.17449
-0.1478285
-0.44638222
-0.11092708
0.24676919
0.100941904
-0.34062162
0.10733733
0.20188494
-0.057445884
-0.006870133
0.045829486
-0.08566977
0.22535504
-0.4901543
-0.6120687
0.3434362
0.31704095
-0.11440268
0.010196355
0.25198653
0.31419224
0.2116594
-0.031969965
0.07039832
-0.20166107
-0.004659057
0.19193411
-0.016060863
-0.47075564
-0.51818997
-0.27437523
-0.19842722
0.13002273
-0.034278274
-0.13957368
-0.05847922
0.0005683697
0.039359566
-0.03662527
-0.3503545
-0.28040144
0.009029966
0.15975614
-0.12683317
-0.38589555
0.08510049
0.17646438
0.0934914
0.34357873
0.12887394
0.28435624
-0.10433154
-0.2676514
0.21681201
0.16512436
-0.052191313
-0.42498896
0.23126805
0.005685618
0.15155825
-0.044469133
0.029355768
0.24955906
-0.06581696
-0.18325913
-0.08807289
-0.39644283
-0.17604184
0.33173156
0.08397844
-0.18475935
-0.16110209
0.2075334
0.20376682
-0.17795604
-0.24663469
-0.25414348
0.08134688
-0.44762436
-0.43670106
-0.2475944
0.13761124
-0.34649616
-0.68549716
-0.29665726
-0.27908427
0.0793664
0.05076993
-0.112465136
-0.30162176
0.0855296
0.09418686
0.08584899
0.14679317
-0.1253608
-0.17076921
0.055900823
-0.037897754
-0.121800415
-0.07277092
-0.0717236
0.06820906
-0.3535795
-0.41449514
-0.01172653
0.013523892
0.060156558
-0.23468956
0.12846252
0.14936894
-0.044505294
0.008436643
-0.41029096
0.022752676
0.11403324
-0.070484646
-0.25286004
-0.09277155
0.019224806
-0.08836606
-0.3681931
-0.4130103
-0.008642187
0.03252551
-0.037340567
-0.29341495
0.044273384
0.10231275
0.11176529
-0.13318524
-0.25995803
-0.23149703
0.16378504
0.21665117
-0.10725615
0.08718292
0.31911847
0.30045986
0.68198687
-0.08284896
-0.626682
0.41936728
0.3151911
-0.095547944
-0.09357882
0.10089589
0.3868036
-0.35758922
-0.10106558
0.08137821
0.14297745
-0.11436185
-0.40664726
0.20735297
0.105015054
0.05116006
-0.16899507
-0.054016843
0.056015544
-0.01334467
-0.055649366
-0.1494984
-0.040632073
-0.019018086
0.36698788
0.18438256
-0.03587029
0.2305666
-0.16553694
0.004543944
0.09394438
-0.28310916
-0.04099784
-0.09575518
-0.25072286
-0.18513562
0.0810765
-0.10437259
0.024264693
-0.039090484
0.066607945
0.031696714
-0.1564298
-0.294255
-0.20295697
0.04539132
-0.009999656
-0.051123973
-0.14311108
0.05561342
0.020692704
-0.10726982
-0.09003403
-0.36377522
0.23252033
-0.48472893
-0.15635721
0.11210827
-0.13399446
0.05314464
-0.044761315
0.09020188
-0.4265722
-0.4697759
-0.3621912
-0.69621533
-0.28752998
-0.39423043
-0.38066614
-0.18205208
-0.23339225
-0.114054985
0.13752519
-0.096404925
0.048128717
0.008016187
0.010071882
-0.032053098
-0.033482965
0.18339895
-0.062961906
0.34794623
0.035577934
0.52898836
0.31413573
0.035574246
0.2561052
-0.15253502
-0.31585696
-0.17876664
0.0538599
0.0055503664
-0.01859834
-0.16494632
0.04960664
-0.054818787
-0.15061861
0.052005902
0.19683637
0.1370533
0.014309703
0.10890698
-0.050279617
-0.097836986
-0.11335485
-0.12624809
-0.12551974
-0.0019604114
0.069723025
0.08402106
0.19362445
0.058017187
0.18374488
-0.009814487
-0.05821945
-0.39017698
0.18160139
0.34928548
0.10530278
0.23024574
0.019870477
0.2074207
0.0152403535
0.07998528
-0.16320205
-0.30337
0.08480648
-0.12886232
0.19196928
0.09292704
0.23181945
0.07008413
-0.14727235
-0.35318336
-0.19360201
-0.13911098
-0.13234566
-0.10201651
-0.14349099
0.08029839
0.07519837
0.0798259
-0.08028829
0.22979501
0.15953569
-0.007649426
-0.011049415
-0.06494159
-0.08330556
-0.04715044
0.28230804
-0.2095038
-0.09380886
-0.083603755
-0.045393165
-0.16350451
-0.021301318
0.037177227
0.085518666
-0.0776632
-0.24394631
-0.21742103
-0.38158908
-0.088746846
0.25357294
0.36800322
-0.15148771
-0.2194934
0.20487405
-0.28415316
-0.281473
0.05068912
-0.15012456
-0.09944399
-0.14514154
0.21876906
0.3419317
0.2274332
0.09944998
0.18587466
-0.048394065
-0.08061953
0.0066498197
-0.16805002
-0.10431673
-0.10606294
0.06771502
-0.04127165
0.033665013
-0.06552365
0.1031072
0.12943916
0.06666527
-0.057943158
-0.04426533
-0.04254698
-0.3134563
-0.19130261
0.05648725
0.15990013
0.14431319
0.1327958
0.23454426
0.33937672
0.38060224
-0.5541238
-0.7644694
-0.58609635
0.16909416
0.19117634
-0.021080801
0.026858792
0.1622359
0.19058509
0.06839508
0.15066381
0.055100977
0.0042668823
-0.0022917243
-0.04880456
-0.04423298
0.032262802
0.08724545
0.117393784
0.39820373
0.41811937
-0.47319722
-0.43071702
-0.16652918
0.06258302
-0.12212601
-0.059748407
0.069611974
0.006727514
-0.06496278
0.13532372
0.022582967
0.05876146
-0.14575052
-0.09294616
-0.02480785
-0.15079665
-0.29283902
-0.47294238
-0.17213036
-0.36750722
-0.23968701
-0.1402601
-0.18258117
-0.61482924
0.07893008
0.20528837
-0.056994926
0.025132585
-0.14281362
-0.04899271
-0.04303797
-0.21772714
-0.009165599
0.11143657
0.20567267
0.119085245
0.06396935
-0.028985368
0.14556469
-0.122758165
-0.24194977
-0.09925652
0.012204888
0.05792902
-0.010452751
0.13174419
0.14879808
0.08239862
-0.07320353
-0.2656792
-0.13981551
-0.14539632
-0.086431265
-0.21167563
-0.03876362
0.22205758
0.20278832
-0.07895505
-0.24265577
0.028171072
-0.27073246
-0.25506267
-0.32496947
-0.09216247
-0.022679515
0.35106522
-0.16462933
-0.4482936
0.058108468
-0.12382082
-0.047176044
-0.0011877526
0.053697165
0.13970788
-0.023662034
-0.07168651
-0.0119455345
0.16985363
-0.05211997
0.01669334
-0.17052902
-0.30925784
-0.06986066
-0.008551206
-0.08347939
0.07027083
0.11992558
-0.5230465
-0.11693594
-0.07499495
-0.31650755
-0.18683532
-0.17545345
-0.35544953
-0.29145333
-0.06610367
0.071338914
0.03981345
-0.12879096
0.06985921
0.08223854
-0.083469845
0.03578392
0.08939567
0.046103805
0.15636595
0.11937835
-0.15024512
0.11306176
0.016218247
-0.17427583
-0.03726604
0.051580258
-0.06375127
-0.3747322
-0.20570007
-0.16369808
-0.2697739
-0.15312944
-0.3262646
-0.23427501
-0.2837244
0.08670934
-0.38615587
-0.121479385
-0.027209504
-0.3480171
-0.19590911
-0.12032257
-0.11924686
-0.27015942
-0.08620379
0.060348764
0.0034883353
-0.26570803
0.022503527
-0.13809629
-0.25564644
0.050866663
0.049101274
0.022872347
-0.05525034
0.019089667
0.031401392
-0.0113746235
0.023695298
-0.1198507
-0.12430033
-0.07273575
-0.08951702
0.10992833
0.1448123
-0.2563297
0.03336545
-0.044688966
-0.113347106
0.14343101
0.118863076
0.055176925
-0.13767059
-0.117927685
-0.033800237
-0.345726
-0.12050834
-0.061533123
-0.23083028
0.047707863
0.08003405
0.14011267
0.055640563
-0.020267775
0.09724326
0.0681491
-0.14206745
-0.06751419
0.09339616
-0.0029284991
0.1191551
0.080105156
-0.32672474
-0.0937235
-0.0470083
-0.12366476
-0.06285169
0.043381877
0.064934984
0.14336778
0.119345926
-0.04607318
0.054523896
0.04236475
-0.14146246
0.016260426
0.005987051
-0.0036803859
0.02464021
0.09991148
-0.10002943
0.02665318
0.1523447
0.0047805803
0.058798183
0.102207385
0.07364228
-0.2484665
-0.20923477
0.03079287
-0.6504334
-0.13650237
0.08722925
-0.27290776
0.13108486
0.27443704
0.040135793
0.10397563
-0.21855673
0.057916306
-0.07710956
-0.19634369
0.146275
0.044369936
-0.101559035
-0.080869846
0.18280497
-0.022820042
-0.0848624
0.17255387
0.35589465
0.004527776
0.10955215
0.010638728
-0.082631275
0.2070441
0.2302264
-0.25224215
-0.17592487
-0.2866535
-0.30234733
0.2090462
0.18107904
-0.26712036
0.0052589
-0.13530162
-0.08182482
0.03247393
-0.109227404
0.0774644
0.049351294
0.019303493
-0.2566054
-0.14337945
-0.16837753
-0.061853506
0.06371839
0.1729241
0.02231736
0.053594753
0.12105877
0.1342345
0.4182635
0.28008875
-0.4902504
-0.16682121
-0.25582653
-0.16100825
0.18215238
0.39503548
0.08567874
0.18239272
0.18615389
-0.13278857
-0.2853685
-0.16248265
-0.28904453
0.0765095
0.15454312
-0.25041625
-0.020287225
-0.14350772
-0.15272331
-0.04555324
-0.06305063
0.18440484
0.06719566
0.16583566
-0.2042001
0.03305813
0.112139985
-0.4320283
-0.5803157
-0.70195436
-0.21849097
-0.14114521
-0.17304082
-0.4079311
-0.2321143
-0.23561262
-0.040784564
0.04702804
0.039523978
0.013148194
-0.01659273
0.03004804
-0.043999493
0.0033294843
-0.09881164
0.059636094
0.015425489
0.13829449
0.11965699
-0.07682674
-0.17806996
-0.41248652
-0.11573239
-0.19123577
-0.3258757
-0.01917736
-0.06848022
0.16767247
0.026584284
0.068316735
-0.35078028
-0.09692479
-0.19420707
0.014192967
0.13045637
0.058445826
0.24661523
-0.027438408
0.03538426
-0.35044193
-0.2630532
-0.071949884
-0.37021142
-0.07340817
-0.08796669
0.19444588
0.07735977
-0.022345755
-0.3676827
-0.20339088
-0.35332024
-0.33580863
0.044678792
0.07633319
-0.03785731
-0.059554085
0.02570345
0.10721848
0.41140366
0.11255267
0.08863994
0.37315527
0.43201664
0.08796823
0.07140672
0.2030441
-0.3162158
-0.18158773
-0.24395682
-0.13477696
-0.005763996
0.1407785
0.058750782
0.033221405
0.216193
-0.2358856
-0.18941489
-0.23029462
0.032672226
-0.107991956
-0.26263708
0.09853044
-0.088914275
-0.06272177
-0.06482507
-0.09251096
-0.41002983
-0.2985053
-0.41746667
-0.18441148
-0.14605427
-0.1339075
-0.1838835
-0.00093686726
-0.059861977
0.108049385
-0.021894146
0.15296441
0.0040946086
0.19592367
0.15126677
-0.0111502195
-0.052677147
-0.043595526
0.12437575
0.08152297
-9.896275e-05
0.015178719
0.08813943
0.03589948
0.12725756
0.04252971
-0.49598566
-0.4414347
-0.46419474
-0.50472695
-0.16357268
-0.09661164
-0.072898656
-0.117227755
-0.10751848
-0.21070513
-0.49111196
-0.17000411
-0.30770993
-0.21594144
-0.22298546
-0.33357358
-0.3270668
-0.026530243
-0.074078545
0.082624
0.06020808
0.10522188
0.060547266
0.16177899
0.088276446
-0.04418003
-0.11921081
-0.1288878
-0.28836897
-0.40263426
-0.26876426
-0.013732907
0.1524192
0.088506185
0.118088976
-0.117494814
0.08513658
0.071291715
0.057085536
0.07011208
-0.005352672
0.09804794
0.04589144
-0.046436284
-0.09776896
-0.06381899
0.12542321
0.06060453
0.04600708
-0.28446734
0.117847405
-0.24637008
-0.06814436
-0.08286417
-0.20206003
0.10666834
-0.13606186
0.10483582
0.028046098
0.20616557
0.10162087
-0.0011169954
-0.046888515
0.00070060923
0.22442348
0.018962383
0.08952448
0.0959207
0.17264323
0.00717282
-0.08483518
-0.13502793
-0.12455704
0.003037472
-0.29083362
0.045256667
0.09095033
0.084667936
0.16049004
0.10867041
-0.29048648
-0.26481926
-0.20102577
-0.22076838
-0.13820575
-0.035778146
-0.05262094
-0.065473296
0.02121115
-0.2471123
-0.15687597
-0.07770085
0.06264169
-0.07306736
-0.32306075
0.17349222
-0.28937533
-0.120162666
-0.106466115
0.06867471
0.08341168
0.029822113
0.059338205
0.058847625
0.06204972
0.007933317
0.087998115
-0.108690865
0.10221759
0.2079659
0.07910519
0.094358094
0.032212723
-0.07270188
-0.13515136
-0.45480937
-0.028907903
0.006488494
-0.024931388
-0.052139748
-0.0036371995
-0.17466685
0.29732192
0.22379099
0.1739759
0.11318793
-0.040157527
-0.054666698
0.07391554
-0.047257878
-0.03728056
-0.07908528
-0.077942915
0.0406958
0.035362966
-0.06464524
-0.09908967
0.0547052
0.029933576
0.09257564
0.08806428
-0.036300696
0.0017107285
-0.2312743
-0.117286414
-0.19608107
0.18786195
0.048248027
0.002286777
0.23917864
0.25849533
0.1809125
-0.23559606
-0.14669912
-0.08669982
-0.106173135
-0.08078045
-0.013542885
0.036236126
-0.037452247
-0.11320184
-0.10688191
-0.09957672
-0.18782519
0.08500135
0.08662738
0.0804799
0.060194377
0.03599147
-0.019567786
0.10253429
0.026116833
-0.10155141
-0.27036822
-0.23831616
-0.25946814
0.13432203
0.10350112
0.15802318
-0.024527809
-0.070073515
-0.13151933
-0.0043932935
0.09347304
-0.023086794
-0.12296123
-0.040454295
-0.01923977
-0.11839191
0.02900802
0.050825536
-0.11864342
-0.107581556
-0.09077366
-0.25083125
-0.16973439
-0.20357193
0.0882764
-0.060384315
-0.16974263
0.11853912
0.056466773
0.038756013
0.08049367
0.039145038
-0.004190048
-0.04559373
0.05560716
-0.062266473
-0.0074428525
0.08425374
0.10355617
-0.10894611
-0.16597104
-0.056998905
0.09560851
0.026213903
-0.094358124
0.111228995
0.0642201
-0.074677825
0.054574642
-0.09662663
-0.06415648
-0.00899573
0.01911109
-0.05642089
0.14774059
-0.006882794
0.0515841
-0.15011156
-0.19199677
-0.26307237
0.015064638
0.076511726
0.27937642
0.26383275
0.087033756
0.04956186
-0.1285564
-0.25903058
-0.3559811
-0.076576486
-0.09281796
-0.12825689
0.024910858
-0.028694052
0.101761244
-0.065914646
-0.10155429
-0.081180185
-0.2745048
-0.17604755
-0.20654623
-0.1872182
0.09110326
0.3976582
-0.28427246
-0.017627418
0.3800615
-0.15903407
-0.52912277
0.0447557
-0.15541746
-0.26932657
-0.28644878
-0.15064739
-0.047094624
0.04875453
-0.061410446
0.11133786
-0.021177376
-0.047580186
0.08233639
-0.0426557
-0.10892418
-0.06973374
0.053861205
-0.0001199164
-0.043748565
-0.01882663
-0.05642542
-0.0002641081
-0.0113947205
-0.1346942
0.14650583
0.26363504
-0.16010869
-0.39002085
0.13642932
-0.009452505
-0.03184702
-0.1733815
0.029953273
0.2514433
0.30009246
-0.1661446
-0.40759584
-0.43260452
-0.04136337
-0.019843819
-0.18655308
-0.066026375
0.12318449
0.28833276
0.0016320626
0.16374424
0.009324021
-0.05432908
0.040992416
-0.14767206
0.009542111
0.118369184
0.07695969
-0.12953389
-0.01604916
0.40943122
-0.5089784
-0.26313454
-0.069160275
-0.49116617
-0.45191184
-0.23529953
-0.113027
0.015624145
-0.10683232
-0.059489958
0.049099453
-0.009513666
-0.11493933
0.0606009
0.105990216
-0.2559728
-0.08503106
-0.25729534
-0.14378299
-0.29781997
-0.12186285
-0.04967554
-0.1212818
-0.36413506
0.010614712
0.010603967
0.09520409
-0.19489597
-0.11783864
0.03188428
-0.11760153
-0.19469634
-0.016203854
-0.11008773
0.047121864
0.16902812
-0.15434222
0.13311791
0.12325864
-0.10617528
-0.028122228
-0.007964577
-0.02079327
0.008808597
0.08180169
-0.0757981
0.1440105
0.21593449
-0.19218181
-0.108579
-0.023165196
0.01072997
0.07300372
-0.055287246
-0.20908225
0.15297386
0.23455557
-0.17807418
0.11662848
0.12424509
-0.44055098
-0.12071349
-0.2649288
-0.41502246
-0.21091127
0.37860772
-0.25166938
-0.24986549
0.39491636
0.06641218
0.024000661
-0.06305323
0.0063814498
0.13450462
0.05558947
-0.05741034
0.11377823
0.28325865
-0.17555876
-0.13677852
-0.07409789
-0.2889504
-0.1025644
-0.046691358
0.008590412
-0.22146012
0.08544498
-0.05797281
-0.16578119
-0.3246271
-0.04819136
-0.20623791
-0.23671389
-0.116857536
-0.25414374
-0.22189921
0.01942528
0.11053902
0.10848144
-0.1492313
0.07361296
0.07385448
-0.11612713
-0.010764215
-0.01083926
-0.16869363
0.025857
0.053441476
-0.3361926
-0.013706849
0.093214154
-0.12824875
0.05051445
0.17046012
-0.12941538
-0.35707393
-0.47992176
-0.22357686
-0.1927115
-0.36764485
-0.23502682
-0.14006497
-0.33816156
-0.044324044
-0.2293628
-0.08506034
0.049891017
0.026401455
-0.116478495
0.039477825
0.13449018
0.01568122
-0.011689737
0.031229712
0.06521892
-0.23223664
0.06398137
0.08213921
-0.1751894
0.08198424
-0.03204796
0.15805034
-0.20814198
0.020434577
-0.06996168
-0.42450035
0.01106345
-0.11498406
-0.28020847
0.052573595
-0.13373223
0.093376465
0.18244845
-0.29775524
0.11692772
0.12817764
-0.120607354
0.10314468
0.12432528
0.09235445
0.07396364
0.11489704
0.006377512
0.017109923
-0.10814159
0.071179725
0.053876802
0.02114049
-0.0058624973
-0.014785916
0.12856361
-0.23177059
0.036626957
0.17307408
-0.17258692
-0.122195065
0.10998057
-0.15883073
-0.014423652
0.11119306
-0.2621807
-0.020216132
0.12180404
-0.13654782
-0.0058145467
0.10153786
-0.039577745
0.041158274
0.040368486
-0.040235903
0.083709165
0.10849157
-0.156109
-0.018635198
0.19811931
-0.03706737
-0.018276263
0.09702465
-0.041385774
-0.10305725
0.1332602
0.031434476
-0.04752113
0.17629649
-0.16415699
-0.29780754
-0.1757536
-0.3520822
-0.40181476
-0.24296409
-0.03229007
-0.33825973
-0.3796129
-0.111375056
0.040083267
0.027465524
-0.30810094
0.09480749
0.08231559
-0.047434695
-0.0041854233
0.15597089
-0.040975522
-0.107670374
-0.22907303
-0.09010052
-0.2870338
0.0035878173
-0.0038864946
0.069111556
0.32900408
-0.027638562
-0.4600483
0.07502678
-0.15541907
-0.27988452
-0.13737543
-0.019334022
-0.029516002
0.20475475
-0.1174874
-0.06831072
0.024009587
0.04740605
0.09913179
-0.07208756
0.04928496
0.00015577301
-0.10823129
0.0127844615
0.020902868
0.056986302
0.0047172713
-0.008180584
-0.007657282
0.01592625
0.11885131
0.099520154
0.12022403
-0.21152711
0.17336506
-0.27207434
-0.17094447
-0.19900589
0.10093592
0.22340381
0.41726944
-0.058569785
-0.56160796
-0.39995286
-0.16485855
-0.09489771
-0.31155902
-0.09557911
0.12439179
0.1871101
-0.037041783
-0.025649922
0.15626834
0.035078056
-0.07535037
-0.06070958
0.11836818
0.026951196
0.11570468
-0.33998993
-0.13361956
0.2346173
-0.39799199
-0.268374
-0.13088109
-0.049619798
-0.15785281
-0.017589731
0.022740183
0.021261474
0.08304016
0.11352052
0.056140672
-0.07167696
0.13111186
0.08708421
-0.030180516
-0.13309535
-0.15685603
-0.07388676
-0.11355689
-0.33522898
-0.23542583
-0.22171344
-0.025758905
-0.3349266
-0.17019041
0.085993424
0.14343923
0.020026179
0.07484586
-0.087195925
0.11659541
-0.007342624
0.0028252285
0.014758399
0.057598133
0.1827258
0.06017481
0.037243858
-0.0410684
-0.0040901885
-0.04900643
-0.0064822044
-0.076834746
-0.022904906
0.12148046
-0.075412236
0.043723635
-0.023243226
0.00022016616
-0.03437754
-0.10256292
-0.070224956
0.042081583
-0.15062399
-0.17554972
0.05232204
0.08349209
0.06000087
-0.07127509
0.10996893
0.015680272
-0.11647172
-0.1537514
-0.059177063
-0.34873074
0.03539771
-0.064464994
-0.022889655
0.28240705
0.11343551
0.05350965
-0.0101344045
-0.039608028
0.090731554
0.04519597
0.0034137203
0.08353237
0.17154236
-0.146332
0.043096777
0.09642928
0.23245834
0.116456784
-0.13231458
-0.07227945
0.03380809
0.15217967
-0.07328934
-0.13051844
-0.13072065
0.02315099
0.12777402
0.048565727
0.13953163
-0.00492789
-0.019954039
-0.14515376
-0.04671229
0.03394436
-0.05038477
-0.06452135
0.013063023
0.040354718
-0.13845801
-0.047720965
-0.19994488
-0.071442105
0.056573268
-0.03257989
-0.10717313
-0.04114023
0.032933086
-0.071081765
0.010938534
-0.24899118
0.018650515
0.08539702
0.10272549
0.19743823
0.20367718
0.15416387
0.02686995
-0.2136383
-0.077290185
-0.05776269
0.15134367
-0.05939812
-0.007892866
-0.028035091
0.026570989
-0.056331437
-0.15519106
-0.094802685
-0.07926853
0.095182985
0.10383045
0.016631557
0.020741198
-0.0058791786
-0.09671195
0.06798176
0.042517785
-0.16934192
-0.25698122
0.015887761
0.0325302
0.07025122
0.17790197
-0.019959541
-0.09576577
-0.117717795
-0.042622928
0.007040756
0.039762102
-0.056494396
-0.035877157
-0.12285434
-0.019708037
0.11007646
0.06602951
-0.049280822
-0.12132988
-0.09816679
-0.1273464
-0.053287003
0.035720803
-0.071970776
0.08909635
-0.03041315
-0.018945236
-0.05514944
0.053235196
0.063650966
-0.002203987
-0.037590217
-0.13977584
0.09418476
0.029355617
0.047194302
0.14539428
0.124098256
-0.104925305
-0.16062346
-0.16327992
-0.064369306
0.07855408
-0.10183067
0.027663926
-0.009036535
-0.041519493
-0.05593929
-0.06876878
-0.0066075996
-0.14142862
-0.046484753
-0.15162326
0.01711971
0.064357914
0.20010242
-0.050292265
-0.17040472
0.021083424
-0.14789715
-0.23643385
0.10013358
0.23312293
0.05821864
-0.0016740555
0.013540594
-0.05339216
-0.09844705
0.19832784
0.28693864
-0.07415048
-0.060421523
0.12335454
0.030986855
-0.030708855
0.035343613
0.035343405
-0.1512517
-0.08661464
0.13871618
0.12098375
0.17659456
0.023309268
0.12713766
0.13810311
-0.40238705
-0.48947585
-0.27350605
-0.18863656
-0.13948809
-0.212653
0.12200017
0.10679314
-0.12560163
0.047805075
0.1576993
0.26185024
-0.065564625
-0.08795726
-0.11196278
0.0045049125
-0.0056777056
0.045953628
-0.18500192
-0.070024125
-0.021860765
0.043850277
-0.056613214
-0.14559552
0.008703233
0.12855077
0.08920232
-0.27197865
-0.12188588
-0.10604465
0.030604986
-0.36947948
-0.37521273
0.24205017
0.17657965
0.008732915
0.15437363
0.30926615
0.28863385
0.08632077
-0.014133887
-0.09122926
0.13540646
0.051468495
-0.08039089
0.11760785
0.2753997
0.013670059
-0.03294184
-0.113747634
-0.16511327
-0.012348251
0.09407441
0.03325808
-0.30741373
-0.08236846
0.06869332
-0.21078329
-0.03461192
-0.22945322
0.08767887
0.08581652
-0.019133879
-0.06512446
0.061866574
0.14175244
0.065828174
-0.06863967
-0.14420931
-0.049531203
-0.059677675
0.064859286
-0.33948067
-0.19758014
-0.06493244
0.018706061
0.067031324
0.13766815
-0.21854505
-0.19407253
-0.0029914286
-0.006220936
-0.044468127
0.07060962
0.057924222
0.10390567
-0.09597538
-0.002187672
-0.019197464
0.03199628
-0.25151643
-0.23451442
0.09797048
-0.012961307
0.073117375
-0.013312137
-0.1756385
-0.09568141
0.15682104
-0.2564826
-0.3805512
-0.043752674
0.12225109
0.07447783
-0.089129485
-0.024212014
0.13748592
0.035894003
-0.27833474
-0.22982696
0.0008717773
-0.037792332
-0.021243505
-0.12981728
-0.016514748
0.06329769
-0.073961675
-0.27808166
-0.28897583
-0.19537826
0.33352244
0.30668554
0.24158284
0.070585445
0.14420083
0.24864252
-0.32685155
-0.49380845
-0.061820596
-0.111206956
-0.03154091
-0.16812661
0.0048455056
0.08583593
-0.005438511
-0.19750527
-0.14545977
-0.020029254
0.007555321
0.06321045
-0.17527474
-0.14633144
-0.06702189
0.060714602
-0.26260006
-0.039031036
0.22814803
-0.0011482582
-0.33509266
0.040984504
0.074819356
-0.24650015
-0.052444797
0.07684843
-0.13599741
-0.083422795
0.081401296
-0.009853791
-0.053568706
-0.030377036
0.059431683
-0.04002109
-0.19727996
0.01589923
0.013073066
0.1520659
0.078143165
0.04798197
-0.06462373
-0.0026167373
0.043460786
-0.27122715
-0.017832436
0.081285715
0.17047104
-0.3835375
0.07644478
0.19749483
-0.03169608
-0.027136672
0.19613901
0.22711246
0.16293663
-0.11265111
-0.1327909
-0.14795925
0.016778253
-0.10275649
-0.082789004
0.01097408
-0.026436819
-0.32072267
0.12348373
-0.060648717
0.052885983
0.031769987
-0.011037202
-0.034075003
-0.110593654
0.13233869
-0.02080124
-0.13241602
-0.3389447
0.2072957
-0.14752968
-0.22757243
0.022204628
-0.12848441
-0.35230607
-0.18588658
-0.011223848
-0.060935404
-0.06247489
-0.036581032
0.098366
-0.14152563
-0.34445348
-0.0058615934
0.1377638
-0.3906267
-0.22364967
-0.1623146
-0.21952608
-0.1799712
-0.19737348
-0.08071279
-0.23125684
-0.0024427027
0.11153558
0.05425663
0.041513406
-0.17600697
-0.012843209
-0.08341889
-0.22663073
-0.15577658
0.019074325
0.006923517
-0.08702802
0.02604425
-0.097994156
-0.05230764
0.011599975
-0.26505026
-0.036339656
-0.047628928
0.12317836
0.11477417
-0.05283362
-0.07208285
0.12774979
0.12984489
-0.29584578
-0.029694138
0.09194127
0.012417488
-0.030503508
-0.049392913
-0.118917406
0.1554405
0.16576084
-0.2065656
-0.026111336
0.15844072
0.00599361
0.039523896
-0.08570736
-0.47706908
-0.22156464
0.024200529
-0.18135856
-0.4092696
0.26886672
0.17530917
0.061909985
0.009620309
0.08654067
0.10065554
-0.08028117
-0.25199908
0.14034612
0.08883232
-0.0040347893
0.09441845
0.07291687
-0.17275777
-0.12618569
0.40237278
-0.19463688
-0.20327348
0.29819933
-0.03393914
-0.22013126
0.2936361
-0.034903426
-0.031503312
-0.14728425
0.07014618
0.12405208
0.16657625
0.061866056
0.058714423
0.031231413
-0.062388513
-0.033875
-0.08303317
-0.07008474
-0.09889
0.0036247496
-0.029796544
-0.07232152
-0.031383444
0.0030616315
0.07556558
0.03044453
-0.022417126
-0.1749202
0.070058756
0.026958413
-0.18078928
0.07331575
0.07364427
0.17927463
-0.07173837
0.04355497
0.19325086
0.22085613
-0.11919194
-0.28719914
-0.074523605
-0.1265121
0.05656743
-0.06709624
-0.14899589
0.03504292
0.11450074
-0.0042596716
0.080386005
0.028155595
-0.15406886
-0.055786707
-0.11491153
-0.30007666
-0.06729157
0.11820032
0.009426551
-0.11701641
0.3004288
0.09322694
-0.18267706
-0.24454446
0.20985226
-0.14068452
-0.010376357
0.07093031
-0.0016906424
-0.17651372
-0.09460019
0.001972362
-0.035024785
-0.22415474
-0.1409347
0.10573957
-0.21495521
-0.069571584
-0.1701381
-0.003220058
-0.20574673
-0.051445663
0.014505117
0.114147015
-0.25758043
0.1085155
0.106301144
0.015390937
0.008982284
-0.18436623
-0.07277313
-0.12277547
-0.19555733
0.047274694
-0.00076101755
-0.016864788
-0.0078124637
-0.03196192
-0.12333594
-0.014280359
-0.19505094
-0.09805482
-0.06914701
0.052402545
-0.07449744
-0.049054902
0.01979506
0.05610057
0.011473745
-0.026476176
-0.34717095
0.024736566
-0.009370099
-0.09112821
0.011638383
-0.1495836
-0.05683749
0.27805865
-0.12589
-0.12125556
0.023590818
0.10358303
0.0811811
0.13238136
-0.23407285
-0.38510612
0.47559223
-0.04290086
-0.17748925
0.023154693
0.08798262
0.025822565
-0.16511823
-0.12848206
0.15504389
0.071138546
-0.18975693
-0.12043091
0.17870867
0.10075425
0.21341228
-0.038831662
-0.15957072
0.18223917
0.09934746
-0.059987474
-0.2222558
-0.009219345
-0.27149403
0.1656157
0.07091305
0.15339832
-0.13592513
0.013750601
-0.06113995
-0.054131098
-0.08686016
0.099140964
-0.08549922
-0.206064
-0.040338878
-0.11759872
0.04515699
-0.02758339
-0.0005982495
-0.079518296
0.13200599
0.0693706
-0.080960505
0.0797942
0.106010854
0.0010369061
-0.16661412
0.0071705254
0.05957944
-0.06279871
-0.124768384
0.10389847
0.3171514
0.088715
-0.1261106
0.047750846
0.11725585
0.044599265
-0.210536
-0.22186273
-0.39928728
0.1436558
-0.11757353
-0.094915785
-0.16741207
-0.08090177
-0.37096694
0.0312805
-0.1611614
-0.053116485
0.055109248
0.0268386
0.12323082
-0.15415873
-0.0021913412
0.025345765
-0.13337584
0.07785711
-0.076907545
-0.2630138
-0.36377427
-0.033015043
-0.20917785
-0.19461647
-0.15533073
0.015184688
0.00925773
-0.15380001
0.046547547
0.05796248
0.044515967
-0.14983147
-0.010917057
0.11893565
-0.32018107
-0.18525434
-0.053363267
-0.1681281
-0.32834572
-0.14842278
0.19752659
-0.25812972
-0.44196135
0.06558591
0.045049552
-0.17996858
-0.04796797
-0.016887093
0.028273085
-0.017021244
-0.013002166
-0.026033523
0.08305502
-0.02325249
0.14369091
-0.14441745
-0.09360638
0.1877407
0.11188493
0.098030716
0.012385533
0.19113475
0.12572108
-0.25928408
-0.11931463
0.08040424
0.09548538
-0.25419682
-0.046225425
0.112015486
0.18392222
0.14381585
-0.15897608
-0.013420187
0.19715033
-0.04839605
-0.24880078
-0.09705155
0.13354129
0.013158523
0.2882164
0.19697875
-0.34154165
0.12714636
0.2828802
-0.04751957
-0.49641937
-0.03033124
0.09200436
0.013513622
-0.16665563
0.12789418
0.100156
-0.06832618
-0.1423883
0.14684549
0.08343273
0.2399543
0.20559746
0.20631582
-0.019501127
-0.3083185
-0.24339673
-0.28478467
-0.17082223
-0.08299577
-0.14444278
-0.19981043
-0.28514463
-0.120538734
-0.15366669
0.16116607
-0.19074604
-0.14451411
0.048462797
-0.04452608
-0.053247157
0.0646547
-0.07120019
0.06387295
0.06728209
0.023996156
0.0016269508
-0.018660732
0.009209287
0.0077862237
0.18044251
-0.049974177
-0.043135922
0.060205005
-0.078811884
0.15417653
-0.0020344208
0.011326224
-0.15958376
-0.12852588
-0.012904651
-0.3819035
0.15856898
0.07104881
-0.048384123
0.09182993
-0.029584512
-0.19862366
-0.3815523
-0.2522021
-0.30102384
-0.06747141
-0.35367584
-0.30541733
0.08819851
0.018766265
-0.042700708
0.0361222
0.1373393
0.02919809
0.10971169
0.017800966
0.0067045335
-0.03359739
-0.416245
-0.20818888
-0.22390766
-0.43217593
-0.25175261
0.025075933
-0.21867509
-0.013251652
0.15233994
0.060796928
0.0818924
0.15832725
0.124156564
0.032685272
0.032161295
0.037573066
0.16230491
-0.08420866
0.0007348218
-0.077365115
0.030427426
-0.2191769
-0.36971372
-0.36332673
-0.27132317
-0.40996101
-0.47109848
-0.07540845
-0.039585687
0.0017636195
-0.029615192
0.022859622
0.03694822
-0.034207076
0.1379313
0.06345414
0.0924215
0.047133278
0.21872938
0.1127284
-0.019316833
-0.07163319
-0.066243276
-0.010273912
-0.038716316
0.009911031
0.03221966
-0.032840732
-0.10574311
0.05125904
0.026436359
-0.013588919
0.007640197
0.046113513
0.1074631
0.07413561
0.08088982
-0.1482678
-0.026965732
-0.13107522
-0.22240046
0.19804007
0.04211467
0.11127718
0.1661508
0.18797478
-0.08148159
-0.5223734
-0.41199565
-0.47751164
-0.6356075
-0.37880692
0.103111096
-0.009390702
0.21438013
0.06810264
0.09804935
0.005828299
0.121190965
0.07534273
-0.057314787
-0.22888084
-0.2207399
-0.19214968
-0.1900253
-0.040906984
-0.13675511
0.061331052
-0.0018278081
-0.14365841
-0.16332653
-0.3969448
-0.17816535
0.05712001
-0.35627073
-0.00088633527
-0.31341946
-0.39678648
-0.17239068
-0.16158016
-0.081090964
0.08890493
-0.041285835
0.036232892
0.16032869
-0.035416305
0.1677165
0.0020070965
-0.12676239
-0.12127281
0.07554253
-0.20730384
0.068549
0.08463919
0.049199395
0.04319208
0.04016223
-0.24808621
-0.6940044
-0.43359673
-0.2599277
-0.44178033
-0.33239472
-0.51317036
-0.34189487
-0.282345
0.0061591486
-0.14775638
-0.29617792
0.15846601
-0.36779693
-0.340681
-0.14344303
-0.31197044
-0.010761333
-0.072032765
-0.03384039
0.09501692
-0.17676759
-0.0040814006
0.04737948
-0.02061716
0.14850952
-0.067059666
-0.12389837
-0.3614616
-0.034456804
0.011067104
-0.24434608
0.14117272
-0.1547903
-0.036975414
0.15616931
-0.21360306
-0.015271315
0.15663129
-0.17477234
0.10478721
0.15886836
0.15556249
0.18389338
0.028691517
0.116196625
0.05024125
0.23355712
0.087459184
0.052181568
-0.07735678
0.14079317
-0.010053107
-0.06411113
-0.10273906
-0.014614881
0.14600633
-0.16907072
0.0480282
0.204208
-0.03848004
0.03883817
0.033440515
-0.1255361
0.008201443
0.24513718
-0.12200284
0.12813565
0.090617
0.1938583
0.12867577
-0.07437212
-0.0811655
-0.16659263
0.07779654
-0.20351465
0.044608712
0.2143343
-0.09486677
0.15457797
0.012482262
-0.031988233
-0.28257978
-0.12184266
-0.23020561
-0.10850495
0.09144057
-0.0872222
0.08540126
0.10392194
-0.18430129
-0.17514814
-0.25643122
-0.1656692
-0.23261951
-0.35862958
-0.051565144
-0.19295979
-0.3534881
-0.20700316
-0.121673025
0.048197612
-0.019857697
0.06753055
0.014511367
0.07574081
0.07897865
-0.007883885
-0.52388006
0.027305959
-0.11339195
-0.19508313
0.07482349
0.02467609
-0.1375184
-0.00933501
0.07369058
-0.24648191
-0.3111514
0.12320599
-0.18405542
-0.2668973
-0.09622679
-0.25497475
-0.10957599
0.020707693
-0.26268598
0.13086513
0.06852197
-0.10462671
0.16258965
-0.09923803
0.005779974
0.10762435
-0.1141623
-0.29301685
-0.008396673
0.029887632
-0.23161817
0.15696202
-0.005504929
-0.1420877
0.085505605
-0.070018016
-0.38235384
-0.40178993
-0.098750815
-0.18471466
-0.14207347
-0.35797045
-0.36384323
-0.2887299
-0.19240324
0.039740935
-0.25565186
-0.065037
0.046426915
-0.24272685
0.005189543
-0.09253529
-0.047843784
0.04600454
-0.09672609
0.04960838
-0.13207015
0.04080866
0.16431111
-0.29982805
-0.0052177003
0.1390488
-0.17029497
-0.025524016
0.15314221
0.2261473
-0.42596456
0.14491157
0.2518201
-0.22474754
0.16082633
0.15911208
-0.1965427
0.072729066
-0.108867235
-0.16808116
0.14036827
-0.07469872
0.030853719
0.06269306
-0.18606246
0.16340858
0.13994634
-0.060173314
0.08264992
-0.08807794
0.061169367
0.17701167
-0.03349804
-0.05505667
-0.46866295
0.17024972
0.20195939
-0.26305008
0.08044777
0.04057809
-0.08117557
0.19656596
-0.026315276
-0.16823304
0.20182562
0.05237617
-0.1071728
0.0714562
-0.16969275
0.027197812
0.13280495
-0.19707304
-0.3900623
0.06297867
0.123024516
-0.40160394
0.07566619
0.044817295
-0.015539582
0.19316997
-0.0010607933
-0.5327314
0.13328369
0.030063655
-0.3443729
0.26925933
0.18020298
-0.12189275
0.17513543
0.11232916
-0.23692003
-0.22359553
-0.2786345
-0.24773823
-0.1502594
-0.15587464
-0.1821835
-0.280388
0.025589073
-0.13578264
-0.048910327
-0.19247398
-0.04063275
0.14367642
-0.10314401
0.008787926
0.15287822
-0.10626745
0.14969647
0.1492622
0.10991124
-0.39640322
0.17779645
-0.5368224
0.1837826
0.002752842
0.07283878
-0.21905303
-0.22317277
-0.09237363
0.15172811
0.19441661
0.2915414
0.05098126
0.12659886
-0.14779235
0.07054155
-0.044130307
0.022352077
-0.066623665
-0.035950754
0.088969514
-0.09900764
-0.07576669
-0.17289159
0.15802857
-0.07442676
0.14003852
0.063187145
0.02946927
-0.05913854
-0.1645103
-0.1117152
-0.089009374
-0.04311558
-0.113586046
-0.041326694
0.23026052
0.2636122
0.26915282
-0.08131667
0.048011463
-0.4616753
-0.024671013
-0.014705993
-0.08676626
0.24611455
-0.0041518724
-0.08361691
0.033364937
0.122247025
-0.29573855
0.12377366
-0.0828696
0.07762112
-0.057739627
-0.033071343
0.013882714
-0.09783468
-0.14025672
-0.06291411
-0.24111511
-0.2479414
-0.22444381
-0.033108342
0.15142417
0.36154002
-0.19924709
0.10701156
0.15131213
0.15619802
-0.10037776
0.072631486
0.054601904
0.032211706
-0.1183642
-0.25737518
-0.24003004
-0.032097574
-0.2678309
-0.13030617
0.036243062
-0.24677359
-0.21850522
-0.2282834
0.04072862
0.05702166
0.14455557
0.06172314
0.02542751
-0.0866936
-0.2049781
0.09306274
0.12955396
-0.21833585
-0.14001231
-0.17474563
-0.09404612
0.010016644
0.23758791
-0.39607394
-0.06223775
0.084942006
-0.14588694
-0.04502552
0.10035777
0.1494194
0.07516017
-0.11011048
-0.19672103
0.04182273
-0.05599771
-0.32370874
-0.2315677
-0.08715456
0.13015588
0.08956034
-0.10809656
-0.10965751
-0.10223354
-0.44233382
-0.19924706
-0.3386254
-0.27304965
0.03002328
0.33292222
0.22424749
-0.6532113
0.26826426
-0.37101215
0.12258708
0.21715164
0.3359215
0.1630459
-0.08520068
0.048236463
0.15600957
-0.02430365
-0.1460033
-0.20770006
-0.21906392
-0.13457099
0.0119516775
-0.12822935
0.06093201
-0.09945823
-0.34554633
0.0661089
0.0980986
-0.06366833
0.18935156
0.15711862
0.10030606
-0.38554525
-0.107636385
-0.20221263
-0.26461273
0.0086842375
0.014470826
-0.23893085
0.036220986
0.018658468
0.08893744
-0.12810104
-0.03419498
0.06163648
-0.028420443
-0.16162665
0.10290924
-0.04256902
0.075826325
0.039007675
-0.1932064
-0.15463002
0.06035659
-0.17438635
-0.016472112
0.017520698
0.081252575
0.04829121
0.013742635
-0.065524586
-0.04713696
0.08272193
0.064497486
-0.067769095
-0.17213503
0.09932457
-0.02276126
-0.24968673
0.021848978
0.024747571
-0.048931554
-0.030707398
0.2304752
0.0037578181
0.073755026
-0.023302104
0.20102473
-0.09055933
-0.050738692
0.16740389
-0.16102067
-0.08314472
0.2156563
0.06041774
-0.09193183
-0.101178296
-0.054797284
-0.26366642
-0.26387933
0.10352077
-0.44782257
-0.21658301
0.048522823
-7.3580246e-05
0.19972204
-0.035451174
-0.19999214
0.18724991
-0.1680001
-0.14520662
0.1833317
-0.0751943
-0.13381994
-0.17647004
-0.0388984
-0.10422126
-0.13250597
0.11806209
-0.05581338
-0.047601283
-0.016737914
-0.043421976
0.084181674
0.02356557
-0.25346848
0.13347088
-0.04152026
-0.27893716
0.007074842
-0.101248875
-0.15644673
0.122914664
-0.18040034
-0.16247925
-0.011227632
-0.081062675
-0.1534876
0.057445534
-0.01864353
0.009114434
0.06631223
-0.008176083
-0.1847632
0.10505176
0.06113992
-0.15572298
0.05771915
-0.033414315
-0.1271204
0.17714037
-0.052562155
-0.08071404
0.2632163
0.09326914
-0.16094796
0.173465
-0.07911433
-0.50179803
-0.19193709
-0.06780971
-0.33248308
-0.26944864
0.010356737
-0.2700777
-0.19923021
0.032006636
0.0026155072
0.12704016
-0.17967449
-0.17562859
0.1745195
-0.14824681
-0.12067505
0.17341703
-0.16266738
0.19108663
-0.07641598
-0.041333567
-0.18325683
-0.4000076
-0.4974626
-0.4866566
-0.19058898
-0.16738135
-0.10821843
-0.24210772
-0.054294597
0.09518162
-0.28632128
0.10248924
0.15603594
-0.03569735
0.016214443
0.060914457
-0.076280676
0.13922966
0.03962267
-0.20657536
0.10450494
-0.0750952
0.015906055
-0.014020211
0.13162482
-0.20862703
-0.006424728
0.04450179
-0.11320123
0.003285262
-0.1453144
0.01743053
-0.11632108
-0.16194335
-0.33807302
0.022211915
0.02623627
-0.4776361
0.060866926
-0.18706895
-0.35445312
0.12916404
-0.0357507
-0.12769152
0.07228271
0.03707807
-0.089897186
0.04744021
-0.0049362015
-0.06451112
0.119778045
0.043939292
-0.42347893
0.21726675
0.18571468
-0.2502871
0.021239582
-0.27681395
0.026108941
-0.16488256
0.16425508
-0.20474204
0.04441981
0.30790526
-0.081675
0.30613852
0.27939942
-0.068372615
0.015600679
0.12092802
-0.3546445
0.16233061
0.1420515
-0.22521214
-0.0072874897
-0.21492608
0.11938548
0.096698254
-0.12563908
0.11743673
0.015463546
-0.16291286
0.12136689
-0.120104305
0.15940179
0.10897819
-0.024046008
0.20142718
-0.033681367
0.093625434
0.16200063
-0.18073323
-0.0133969765
-0.2101732
0.03879167
0.028286671
0.018456861
-0.47567973
0.0663452
0.09663341
-0.12037207
-0.11590538
-0.23065653
0.17951629
-0.122870505
0.18971454
-0.069905035
0.018875254
0.22354774
-0.16589296
-0.041676912
-0.12902305
-0.008946598
-0.046128314
0.39873877
0.06451306
0.06506822
0.1628143
-0.13182236
-0.07843924
-0.21642272
-0.25986737
-0.16768205
-0.23685102
-0.2707114
0.027755521
-0.48328537
-0.32027483
-0.4704206
-0.32899478
-0.03993578
0.063154906
0.22449987
-0.29360956
0.027497025
0.105687395
-0.09530958
-0.13424867
-0.2792051
-0.00922351
0.14152965
-0.16537979
-0.056013964
0.110428885
0.21162006
0.16600895
-0.08451688
-0.025883233
0.1541514
-0.19729973
0.15962833
0.16429067
-0.13809009
-0.10301457
-0.031008754
0.17995077
0.030206263
-0.064635694
-0.006420595
-0.02470489
-0.08778314
0.037924714
-0.040717
-0.092768334
0.029909382
-0.057795823
0.08097719
0.0071850396
-0.10729681
-0.000931722
-0.005406388
-0.024420502
-0.056266524
0.038671788
-0.011667577
0.034522973
-0.16617857
0.30952787
0.41015232
0.078323014
-0.24657919
-0.13102026
0.25883645
0.16989766
0.13279133
-0.21232818
-0.21549614
-0.0930041
-0.06275472
-0.18110791
-0.26923713
-0.05856639
-0.057978306
-0.09403282
-0.11839225
0.031032383
0.2043121
-0.027494166
-0.08029465
-0.1253608
0.0020998926
0.005619492
0.043692525
0.027351035
0.07668459
0.094265096
-0.3596318
-0.20094532
-0.11874799
-0.010319775
-0.21682978
-0.09928699
-0.010087581
-0.012477272
-0.022521192
0.010242202
-0.04484347
-0.012228756
-0.09309913
-0.07483634
0.09145714
-0.0668089
-0.25768036
-0.2544359
-0.2590339
-0.13733004
-0.08701208
-0.03531973
-0.34231293
-0.22707972
0.008618046
-0.025120614
0.041525062
0.011153196
-0.07345668
-0.108011276
0.009107084
0.03519692
0.088730045
0.009489464
0.102510415
-0.09828609
0.03918849
0.10736351
0.03948117
-0.004651567
0.026263706
0.1223486
-0.04901524
-0.106291495
0.10529901
0.07009603
-0.015213905
-0.060873352
-0.08455271
0.0072524655
-0.07979681
-0.024554992
-0.088317946
0.1806269
0.08269029
0.1201997
0.063317284
-0.044962056
0.022432614
0.01998052
0.31037402
0.014769111
-0.2998096
0.035691347
0.17398976
0.13832834
0.029688437
-0.029008193
0.19139484
-0.099949114
-0.042870283
0.10100113
0.11058682
-0.096316904
-0.045561444
0.09786332
0.006439473
0.13067071
0.09146011
0.019006643
-0.1957539
-0.42523295
-0.26300246
-0.6443368
0.08706907
-0.0759487
0.18701828
-0.027562967
-0.08061035
0.022657577
0.16366814
0.072485
0.14716348
0.042914744
-0.0151172215
-0.39066207
0.06281595
0.057794947
0.14061287
-0.0022148823
-0.005524471
0.03880026
-0.057592303
-0.1538055
-0.103340976
0.10332849
0.100445285
0.13263734
0.0008716694
-0.036877036
-0.31271482
-0.22574897
0.013675275
0.019869626
0.053508684
-0.083109036
0.1666523
0.1913428
0.111499324
-0.03742271
-0.06574978
-0.13005446
-0.61160254
0.051538393
-0.15775555
-0.17527181
0.20716807
0.018913332
-0.26954854
0.10962401
-0.042563923
-0.27083528
0.07120212
0.09440299
0.06404592
-0.08801317
0.09045232
-0.06316878
-0.1472326
-0.22113527
-0.022924654
-0.08775361
0.06573745
0.25047392
0.035444673
0.24062908
0.42592615
-0.14189507
0.069155686
-0.315268
0.15345441
0.006381042
0.042494595
-0.1640046
-0.08582248
-0.1408095
-0.15874177
-0.14627038
0.17619039
-0.36799482
-0.15493193
-0.21027786
-0.11056871
-0.089069314
0.0669811
0.039401267
0.037179917
0.08962937
0.063313596
0.098609254
0.12715136
-0.11725209
0.03741446
0.042398904
-0.17887495
-0.19212301
-0.081696235
0.023523964
0.051714156
0.17260565
-0.24283992
-0.103908576
-0.1534988
-0.23635298
-0.12467432
0.22303346
0.14065564
-0.023333456
0.11224312
-0.19397248
0.00023612476
0.024527144
-0.23453799
-0.2011142
-0.002414465
0.13413729
-0.024513198
-0.029882917
-0.26646537
-0.1253053
-0.3585423
-0.24721628
-0.3877359
-0.11926271
0.1013986
0.011861616
-0.22524327
-0.3617534
-0.08007102
0.0022691493
0.11022064
0.2182916
0.40955156
0.16956544
0.13414885
-0.058722854
-0.0033045488
-0.10424631
-0.14453319
-0.21441159
-0.13687786
0.03822296
0.0799608
0.09083765
-0.074342355
0.22078322
-0.030205587
-0.5335793
-0.26856768
-0.5126581
-0.08547143
-0.24215792
-0.2589058
-0.0996432
-0.0148881385
0.03370877
0.13250403
0.27071905
0.19951184
-0.13758457
0.025024999
0.011515736
0.0046365913
-0.02840359
0.025528159
0.078760296
-0.110404596
-0.018246597
-0.17272213
-0.087555856
-0.08429777
0.16343947
0.15308264
-0.07671807
-0.031258818
-0.07938333
-0.22488701
0.023348555
-0.4072032
-0.21925041
-0.10021081
0.11931345
0.010204484
-0.014781132
0.30335194
0.17048232
-0.25847688
-0.13751654
-0.1527795
-0.1004271
-0.09107003
-0.106944665
-0.22238356
0.46666232
0.043721624
-0.23036776
-0.04445571
-0.09079326
0.13047689
0.0022812148
0.102237135
-0.042014718
0.014032113
0.020776449
-0.07863318
-0.076049976
-0.26231268
-0.114553764
-0.11305465
0.09247782
0.18769738
0.14438961
0.19030456
0.123808235
-0.12097114
-0.06092002
0.10994773
0.003081518
0.03866008
-0.06663945
-0.15488616
-0.17341062
-0.040849224
-0.03966474
0.07610742
-0.037192293
-0.16893737
-0.048865296
-0.15829219
-0.15006682
-0.005264991
0.2665741
-0.057116654
0.008788368
0.124461256
-0.01889899
0.10767686
0.09144348
-0.1410054
-0.039871443
-0.1788605
-0.022374839
0.1126075
0.14025062
-0.049704816
-0.035196375
0.008367182
-0.3457264
-0.22950931
0.21423665
0.10222559
-0.12385767
0.069762245
0.0606774
0.022306362
0.045481093
-0.22957468
-0.057701617
-0.056301206
-0.03056272
-0.018970072
-0.082591735
0.07837089
-0.09041879
-0.30500898
-0.35072967
-0.4618695
-0.28634277
0.19394578
0.17967668
0.08215059
0.09406085
-0.08610548
-0.44588935
-0.1369584
-0.08254338
0.21343307
-0.068331175
-0.0018885132
0.03453917
0.082923256
0.013344771
-0.01789238
-0.08324733
-0.1612818
0.008281608
0.31690943
-0.23580122
-0.486637
-0.00026641265
-0.32724062
-0.35063353
0.27074087
0.11077942
0.06518612
-0.12443675
-0.026182462
0.017326672
0.19043402
-0.07436909
-0.08490798
0.019375972
-0.2729071
-0.11036529
-0.016511971
0.08417626
0.04978221
-0.033642408
-0.0133028
-0.288299
-0.16357264
-0.10844599
-0.16110161
-0.014738347
-0.05322488
-0.070385136
0.05952675
0.0025143614
-0.30788103
-0.10498242
-0.051952817
-0.17536727
-0.12428866
0.00013918101
0.10655902
0.17091951
0.06973257
-0.2371165
0.0057054325
-0.23656788
-0.49001035
-0.12862782
-0.18740377
-0.08919214
-0.13947383
-0.15516035
-0.17219335
-0.044986013
0.03028553
0.08531501
0.050518572
0.20683137
-0.16059537
0.034660872
-0.097668245
-0.41863826
-0.09877622
0.08394483
-0.2767681
-0.10835007
0.18206145
0.21884948
0.24499252
0.14187713
-0.190927
-0.024232905
-0.41635045
-0.030609025
-0.09421038
0.012601838
-0.12091406
0.003468943
-0.04037939
-0.4535145
-0.03604274
0.076606505
-0.3063296
0.12674192
-0.16721009
0.068325005
-0.24700695
-0.11841584
-0.12420645
0.10475984
0.02215621
-0.057533342
0.085003674
0.10027094
0.027561747
0.08937843
-0.09738718
-0.30043516
-0.2255781
-0.046345573
-0.10345834
0.26988095
0.22848703
-0.26210907
0.042137288
-0.1869211
-0.27550045
-0.22734173
0.019804098
-0.17771721
-0.07260968
0.065577656
0.18230774
0.07375185
-0.095727466
-0.25805795
-0.09839332
-0.056822352
-0.05597265
0.025107028
0.006738296
-0.12543152
-0.12778158
-0.11988115
-0.22742718
-0.15602213
0.025842771
0.15408003
0.4550294
-0.19027252
-0.24899834
0.26671344
0.07021337
-0.3136441
0.34468862
0.2638211
-0.05111158
-0.12871243
-0.016486112
-0.1344213
0.058976777
0.064684205
-0.29204798
0.060967986
7.3507705e-05
-0.25867242
-0.2689174
-0.07750547
-0.018596202
0.14276844
-0.0043630297
-0.1248552
-0.029529609
-0.23050609
-0.10695955
0.0069485987
-0.10108816
-0.1853352
0.004116228
-0.007693949
0.039256405
0.3355386
0.12058416
0.03889743
-0.099697754
-0.17702708
-0.030656656
-0.009725703
0.0006993726
0.06510892
-0.007816892
-0.05530671
-0.0790155
-0.16274625
-0.18345423
0.029359035
-0.061467666
-0.05146147
-0.049969364
-0.154541
-0.028476123
-0.076223426
-0.087396555
-0.5106075
-0.38857186
-0.06108457
0.006106305
0.13305415
0.34012753
0.12512684
-0.033804346
-0.08669478
-0.12685281
-0.2533444
0.00606431
0.0052265152
0.052068833
-0.054079764
-0.113039285
-0.06612114
-0.28918183
-0.2560058
-0.10211348
-0.11924916
0.091903195
0.11000457
0.0071118693
-0.08196525
-0.15757467
0.27735287
-0.024750452
2.5779047e-05
-0.024629073
0.017059268
0.16200219
0.46856034
0.20776662
0.018560454
-0.40911633
-0.14876519
-0.01225963
-0.042659096
-0.07566274
-0.085654534
-0.12702332
-0.09809041
-0.18880913
-0.043503813
0.10948864
0.22829364
0.085276775
0.054088842
-0.091522165
-0.044019446
-0.055521317
0.008919558
-0.08554077
-0.1549637
-0.04006172
0.00041476122
-0.0077005154
0.09687465
-0.013249219
-0.0154327825
0.021196978
-0.24161495
-0.10398949
0.20908567
0.101465926
0.039704457
0.0814574
-0.066470146
-0.00090492226
-0.09342093
-0.091578156
-0.22238582
-0.06601948
-0.17235744
0.036759306
0.005491322
-0.11935354
-0.016555378
-0.05867707
-0.21127564
-0.19675432
-0.17331566
0.054007582
0.018453298
-0.12443334
-0.15685986
-0.20570037
-0.00962395
-0.17747827
0.15013537
0.23177657
0.25732926
-0.02458811
-0.1057672
-0.06128261
-0.27870244
-0.11341103
-0.36091536
-0.1896348
-0.05560287
-0.19404595
-0.059190173
-0.01709508
-0.08404435
-0.04188871
-0.08030007
0.10711394
0.028576087
0.0010308117
0.30845708
0.25088656
0.12703727
-0.21532777
0.014374073
-0.098360285
0.14016084
0.1812225
0.08785328
0.21790215
0.08664879
-0.26079705
0.28170857
0.12569994
-0.027888197
-0.051918797
-0.0943211
-0.2550871
-0.028140275
-0.021217076
-0.10846263
-0.05832709
-0.054963887
0.011222862
-0.22321413
-0.2547344
-0.2939473
0.17951964
0.0966384
0.008185194
-0.14808045
-0.15134133
-0.06305567
-0.22977404
0.15194958
-0.0865369
0.46544585
0.16375375
-0.17600137
0.33716494
0.059783068
0.099894315
-0.055868402
-0.059649993
0.26436722
0.083909236
0.019252783
0.055636905
0.17912027
-0.060023516
0.0055440897
-0.21276723
-0.37381634
-0.33156112
0.16730334
0.08540159
-0.014292089
0.0363478
0.03958859
-0.034468684
0.13508351
-0.15184738
-0.30008
0.039253764
-0.17857672
-0.42493466
0.14491455
-0.009406741
-0.2126633
-0.18834019
-0.23622577
-0.24876572
0.074072674
-0.019282592
-0.041821882
-0.2659615
-0.025947917
-0.098817736
-0.042716816
0.02472074
0.007402216
0.02414376
-0.035785574
-0.08703961
-0.18005578
-0.072201155
-0.043848444
-0.10502559
-0.20418735
-0.23491088
0.045163188
-0.009431328
-0.16816483
-0.16244005
-0.12558399
0.04176797
0.038996104
-0.13454741
-0.16672383
0.15644595
0.15077013
-0.10771255
-0.27029324
-0.07163074
-0.004136503
-0.14627557
-0.14306504
-0.31113312
0.006002567
-0.05568558
-0.1241285
-0.028487315
-0.06491709
-0.008961452
-0.1413258
-0.057663828
-0.12726228
0.14950798
0.119368516
0.12844427
-0.32189462
-0.09332587
-0.035713006
0.34311196
0.31514013
0.21471511
0.48672202
0.25912648
0.25034907
-0.17728215
-0.17266801
-0.074942365
-0.19985689
-0.2851122
-0.36798495
0.16002966
-0.00039929413
-0.07411671
-0.0959972
-0.054333135
0.061711337
0.12112312
-0.15147778
-0.0019077073
-0.019878538
-0.050554033
-0.049602155
0.016265338
-0.04201434
0.10831329
-0.19913056
0.019936487
-0.16689865
-0.12572436
-0.06853488
-0.21032608
-0.10704225
-0.07810671
0.04357127
0.0924313
-0.14615145
-0.007634659
-0.03212912
-0.17715661
-0.03562403
-0.021025812
-0.022581425
0.035017394
0.13955985
-0.090763636
-0.034456223
0.085207485
-0.21989495
0.030191414
0.023965029
-0.021957869
0.06955898
-0.18787426
-0.045178544
-0.13152833
-0.31754482
-0.15948644
-0.16670583
-0.035145022
-0.06451701
0.1276979
-0.37340468
-0.03752767
-0.08912407
-0.40728173
-0.1252235
-0.08035334
-0.19778311
0.0400244
-0.14089406
0.03636788
-0.08958894
-0.041165344
0.06385323
-0.1525905
0.038151562
-0.030156251
0.033550292
0.04111146
0.06750587
0.041463397
-0.20673648
0.24100581
-0.022727752
-0.3336209
0.14875983
-0.123906024
-0.012358607
0.08894294
-0.099035785
-0.0747228
0.026139272
-0.16012593
0.10288161
0.030077616
-0.08509292
0.117055565
-0.090462826
-0.035610285
-0.035197664
-0.4548362
0.0024032353
-0.009275048
-0.20292021
0.059172932
-0.05880579
0.05366327
-0.096150324
-0.23178749
0.16023618
-0.13024218
-0.0015226201
0.08468565
-0.12334744
0.0074095614
0.03760452
-0.0318269
0.16607152
-0.0222594
-0.19277774
0.11933611
-0.07658296
0.030666238
0.18034963
0.16722453
-0.10747566
-0.16363892
0.17040275
-0.14232537
0.011645493
0.16331328
-0.0620257
0.027781328
0.10393683
-0.08213013
-0.090242535
0.16728571
-0.15589318
0.042638555
0.07661405
-0.0022385009
0.10968324
-0.20407154
-0.18936662
0.0011234658
-0.26240048
0.007201303
-0.12768845
-0.17742823
0.095501915
0.17407283
0.035873078
-0.042948123
-0.021412523
0.08370014
-0.15262116
-0.0069026076
0.020827651
-0.11133407
-0.006694797
