-0.34372243
-0.040018864
0.08175608
-0.17111777
-0.05817017
-0.14037226
-0.20960212
0.077948675
-0.0036872525
0.070829
0.06591268
-0.020797683
-0.2727904
-0.06040365
0.16669002
-0.32605317
0.11588123
-0.24331856
0.0064150756
-0.31458214
-0.39557254
-0.2977022
0.15169537
-0.101155415
0.100655384
0.04652175
-0.15291612
0.13555163
-0.043501027
-0.41359606
-0.03743485
0.14860924
0.036669344
-0.06720343
0.06397024
-0.048173312
-0.06644348
0.094378665
-0.29237372
-0.16483077
-0.25825128
0.0477851
-0.39761844
-0.11771499
0.09836447
0.10027436
0.090205126
0.11742419
0.12249116
0.10513587
-0.081087574
0.042980757
0.07361727
-0.08546163
0.062494926
0.03386205
0.15887444
-0.034861263
-0.30418986
0.04949776
-0.076828465
0.13004501
-0.09364124
0.12522133
0.017707627
-0.1839754
0.054073352
-0.2423322
-0.23452574
-0.22706424
-0.038546294
-0.13021575
-0.075424336
-0.052857883
0.05721662
-0.26295593
-0.13585538
0.108507
-0.08602458
0.1895303
0.00065960415
-0.0093045505
-0.084665954
0.11039077
-0.21546341
-0.14004737
-0.046998203
0.079100974
-0.122893564
-0.026079033
0.054747503
0.03750896
-0.054907467
0.11471104
-0.042660218
0.07222459
-0.10299119
-0.020632673
-0.07908519
-0.0883739
-0.012841134
-0.2857681
-0.22109972
-0.10447821
-0.19903094
-0.20794085
0.13107613
-0.17358793
-0.06737105
-0.11241681
-0.14493655
0.00072469475
-0.21446165
0.00194652
0.02257701
-0.16039288
0.045902483
0.051905
-0.023800693
0.18689552
-0.15663949
-0.09803508
-0.047156505
-0.25184134
-0.20366594
0.02910182
-0.07094708
-0.18275286
-0.09296642
0.05926658
-0.27166584
-0.14316626
-0.061226267
-0.1369121
0.045492407
-0.07743682
0.07937779
0.06677313
-0.38202462
-0.050577667
0.055140685
0.0040612305
-0.24055015
-0.17907211
0.093351126
0.090899296
0.072854675
0.014003179
0.06891566
0.035983015
0.10269586
-0.00972467
-0.333314
-0.028606948
0.21306022
-0.14727496
-0.06482535
-0.100499555
0.0019799685
-0.15886024
-0.11583882
0.1614554
0.10418606
0.0791763
-0.03033731
-0.07258104
0.03288218
0.053667378
0.07008653
-0.065695986
-0.070274614
0.10782689
0.076992914
-0.34732693
-0.26456833
-0.35090703
0.1086353
0.16275106
-0.057751704
-0.16200449
-0.07600494
0.05216327
0.14994967
-0.036946382
-0.09744274
0.0740751
0.032115567
0.044059068
-0.108178824
-0.1316984
0.01762782
0.0795642
0.0690852
-0.3233042
-0.033489406
-0.1479787
0.1363224
-0.24030074
0.026250957
-0.2740834
0.01613777
-0.037827976
-0.20350267
0.11924204
-0.034728356
0.068477646
-0.031826288
0.14025734
0.059285868
0.06290026
0.19791067
-0.18620475
-0.24894215
0.17121272
-0.040579107
-0.34215063
0.095547915
0.074772015
0.0019620918
-0.19205841
-0.052773893
-0.098742455
-0.03460117
-0.24217948
0.029754024
-0.023197992
-0.0109794345
0.03339838
-0.05144613
0.15357402
-0.011546844
-0.16490062
0.110489264
0.14234549
-0.27772483
0.12750359
0.031406835
-0.080335975
-0.059423055
-0.03669998
0.14125568
-0.33405727
0.047092184
0.13593554
-0.30144197
0.070594676
-0.03701532
0.103134006
0.10824977
0.1060777
-0.074329175
-0.1548627
0.13819218
-0.208374
-0.08417988
-0.1795698
-0.30895245
0.05270229
0.04019124
0.15003727
0.029573902
0.12104179
0.101850055
0.064358845
0.07007627
-0.15590896
-0.041986797
0.03065523
-0.35782325
-0.044454657
-0.033991404
-0.13890746
0.08977129
-0.051696435
0.084444374
-0.329546
-0.25750315
0.042506635
-0.14436209
-0.28210917
-0.09807175
0.018427204
-0.21365574
-0.2145762
-0.030377125
-0.07100765
-0.04915493
0.13700245
-0.2625885
0.1280711
-0.22735369
0.082519606
-0.08095263
0.07581097
0.09824523
0.0762806
-0.1566006
-0.08844182
-0.2558829
-0.20733225
0.11106295
0.11034712
-0.23040383
-0.11099498
-0.23735267
-0.191938
0.074115515
-0.047305174
0.022543237
0.052221045
-0.23784842
-0.011562142
0.1555891
0.03009792
-0.2372352
-0.0068638213
0.009618467
-0.04537868
-0.023846272
0.11360811
-0.033683874
0.017469043
0.06774562
-0.14802325
-0.020017408
-0.18783796
-0.044764202
-0.037985794
0.06008955
-0.06877852
0.11876574
0.13012311
-0.15219618
-0.16748099
-0.018929327
-0.1612636
0.055184282
-0.052786175
-0.11025308
0.07227191
0.05601733
0.048539426
-0.043672975
0.0515886
0.08714818
-0.0017327475
-0.09074899
-0.20041102
-0.048241336
-0.14044264
-0.036485877
0.058901582
0.05895892
0.07629482
-0.03481193
0.010046007
0.06600167
-0.08128504
0.13464126
0.021161167
0.081593364
-0.058754317
0.113614894
0.11163312
0.0769592
0.07512573
0.13515383
-0.090233155
-0.3245898
-0.2926594
0.0482211
-0.17139234
0.05794679
-0.024678899
-0.06885718
-0.11906022
0.14504474
-0.2857816
0.05474001
-0.2918483
-0.15761232
-0.025275787
-0.042253323
0.106454596
0.10294419
0.017007519
0.07760541
0.03271152
-0.0027617926
-0.17390677
0.112920575
0.037852462
-0.039475333
0.12962116
0.04481276
0.1060354
-0.17292224
-0.08855867
-0.037360147
0.123600654
0.097494476
-0.151091
-0.28607893
0.05625516
0.102821015
0.03450107
-0.12124684
-0.23321319
-0.11736764
0.020154389
-0.6782763
-0.21037568
0.01914089
0.0645686
0.08171809
-0.2191331
-0.20526344
-0.14212993
-0.24872562
-0.08435054
0.046844628
-0.22602962
0.09680028
0.050295126
-0.22947319
-0.0593535
0.07452467
0.14525367
0.088534154
0.050864786
-0.1352561
-0.12869474
-0.074340224
0.05770044
0.066860996
0.120351054
-0.04721148
-0.13058509
-0.103002585
-0.007652096
-0.05727623
0.05836386
-0.1414862
-0.074749805
0.034113765
0.14403392
0.01886364
0.065540455
-0.012772167
-0.22435187
0.036683645
-0.10072786
-0.25966296
0.110069685
-0.009366539
-0.12591453
0.015007657
0.060918488
-0.15469979
0.119974144
-0.089579865
-0.2089196
0.023479069
0.014893269
0.060578275
-0.05976352
0.12006803
0.06927262
0.0032464035
-0.17000365
0.035920523
-0.26579458
-0.16256846
0.010350083
-0.0005537869
-0.2554022
0.06585803
-0.21265255
0.07611299
0.04890386
0.038842715
-0.09409151
0.022202875
-0.047249332
0.042313233
-0.099097535
-0.009095393
0.17305659
-0.23627424
-0.2192339
-0.15243082
-0.2625317
0.019051995
-0.0074931076
0.14170952
0.053400427
-0.29452023
-0.24677236
-0.06346249
0.16039751
0.05502148
0.019218683
-0.0072216103
-0.17816724
-0.13079503
-0.11387647
-0.0841625
0.09103936
-0.05979575
-0.22660998
-0.078490876
0.0453326
0.097898245
0.060095947
-0.22513862
-0.12042692
-0.0019820256
0.03483412
-0.28289378
-0.0068551847
-0.07548629
-0.32266632
-0.19206807
-0.17852458
0.057500437
0.04940883
0.15905924
-0.065375425
-0.16050045
0.09029798
0.088114776
-0.12247331
0.09822705
0.065838166
-0.109740555
0.084832266
0.0401151
0.051829923
-0.18743235
-0.21377003
0.0045472747
0.07837832
0.05338351
-0.23561703
-0.11043325
-0.22741276
0.06617044
0.08536989
0.014623955
0.094502866
-0.3965259
-0.06201043
-0.11968683
0.003688038
0.07543854
-0.12788054
-0.26563582
0.03009209
0.07116463
-0.082035676
0.116737574
-0.15065002
-0.06480381
-0.12849194
0.044775493
-0.043565683
0.10102349
-0.03166947
0.062723905
-0.0017312504
0.093245596
0.07655145
-0.01988698
-0.012275906
0.0056125275
-0.15537879
-0.014392629
0.1565821
0.0017160764
0.13036819
0.14144066
-0.24250302
-0.037988313
0.03921126
-0.039156478
0.04444503
-0.03529666
0.043720435
0.025466075
-0.2146425
0.015922012
-0.2234975
-0.040172577
-0.008074071
-0.08475841
-0.30784342
0.120179355
0.20853242
-0.086556435
0.075616814
-0.05607479
0.076101385
0.051364347
0.102455266
0.025669102
-0.062965535
-0.061767865
-0.3252519
0.035661854
0.04540288
-0.020289892
-0.008571316
0.0037620687
-0.09955204
-0.26460275
0.071823575
0.16817741
0.11574375
-0.23795927
0.12275907
-0.06300601
-0.13972045
-0.26609647
-0.10032971
0.16358335
0.110312365
-0.00996566
0.008466964
0.0628437
-0.008523805
-0.06371053
-0.20475121
-0.07466365
-0.1594708
0.03570983
-0.26046336
0.08575662
0.09632195
-0.030794842
-0.26888388
0.117690034
-0.07870315
0.062261038
0.100969635
0.016204966
-0.12775175
0.082624406
-0.044546496
-0.086168
0.09007097
0.08841244
-0.05218197
-0.22229534
0.077827826
-0.07001182
0.09610803
-0.13305153
-0.26498094
-0.11700764
0.07166349
-0.07507719
-0.35340455
-0.07289235
0.10542264
-0.1940503
-0.049526684
-0.12794776
0.08755052
-0.036156844
0.073542416
0.035095092
0.03807349
0.11246277
-0.20330739
0.08083744
-0.1314283
-0.07477788
-0.095507175
0.04431453
-0.37815285
-0.14839618
-0.05766686
0.09257472
0.14144853
-0.19237266
-0.27514738
-0.20056705
0.04561699
0.00089574076
0.1996046
-0.020177132
0.104548804
0.03413739
-0.16382326
-0.27646968
0.022036597
-0.10621371
-0.03246882
-0.30879435
0.024398843
0.050133258
-0.12968509
0.05262709
0.10890699
-0.008086156
0.10378347
-0.009397292
-0.17142142
-0.08753367
0.110480405
-0.00037203895
0.08070799
0.04848604
0.048991714
-0.052907716
-0.25842375
-0.24515404
0.09071814
0.047652915
-0.19930254
-0.07162031
0.023945095
-0.067931265
0.108434334
0.09993845
-0.22827314
0.058133002
-0.15973343
-0.03507194
0.040676825
0.07732491
-0.03805056
-0.01865383
-0.10779956
0.030715188
-0.22005492
-0.3329257
0.021625537
-0.05713185
-0.16313414
0.066820696
-0.12512198
0.17429985
-0.05612086
-0.08623097
0.11753644
-0.2340917
-0.18322735
0.011993837
-0.042828046
0.015802523
0.007718317
-0.33213177
0.06679215
0.051044066
-0.01469375
0.07920256
-0.005116821
-0.061988685
0.1331186
-0.069963306
0.16760907
0.06017776
0.13479854
0.12862255
0.08247285
-0.028093446
-0.30516735
-0.2373442
-0.0038892454
0.087834455
0.18704168
0.078416206
0.06352105
-0.22846447
-0.016322033
0.010515345
0.015202924
-0.045743402
-0.009437353
-0.24031006
-0.047386825
0.15615314
-0.30258903
0.098468155
0.0127825355
0.11633617
0.056277204
-0.3667641
-0.0022932072
0.14953361
0.15098001
0.07725794
-0.069879174
-0.0919491
-0.06138004
-0.033844728
-0.36721507
0.014913925
0.05921773
0.050618656
-0.05448764
0.08442404
-0.21621698
0.0321463
-0.2646373
0.10233312
-0.3768392
-0.18510282
-0.06221699
-0.46012086
0.09768421
-0.26820529
-0.12653205
0.073120914
-0.051482964
-0.15574528
-0.015149492
-0.06446927
-0.22648531
-0.041524723
-0.029323308
-0.19367315
-0.018057138
-0.23156019
0.017565796
-0.09479489
-0.01928457
0.09238857
0.13311772
-0.06591728
-0.112755634
0.027771398
0.14440529
-0.046220165
-0.22071142
0.109973244
-0.193452
-0.010695061
0.1404431
-0.02068272
0.023814278
-0.27204794
-0.1275992
-0.22904867
0.083312154
0.066452876
-0.022603847
0.026303373
-0.07265283
-0.3217147
0.098769926
0.07891308
-0.17179736
-0.02570753
0.02422464
0.13293704
-0.029427422
-0.06887824
0.14980166
0.012644553
0.25413027
-0.0029739928
-0.18226007
-0.43041867
-0.08768548
-0.02262213
0.053155888
-0.031689826
-0.101522446
-0.17053187
-0.14262815
-0.0924436
-0.046502635
0.017732624
-0.08661189
0.054357667
0.005865854
0.1683849
-0.00979089
-0.17216283
0.08727897
-0.034823954
-0.29747498
-0.24931549
0.039357755
0.0071798046
-0.09969022
-0.042886883
0.150835
0.058521792
-0.034545228
0.053481568
0.08382316
0.059295982
-0.13398674
-0.20927349
-0.003316561
-0.31108692
-0.1004403
-0.049468067
0.12205281
0.08278436
0.032487314
-0.068747945
0.080514856
-0.21483086
-0.06762986
-3.6796442e-05
-0.04633593
0.06550968
0.121185794
-0.21384165
-0.108429246
-0.15705827
-0.3204263
0.09380501
0.0051383814
0.1345543
-0.27379707
-0.30545446
0.0407383
-0.006456464
0.1339939
-0.04859237
0.05871267
-0.0062919385
0.09382853
0.1331713
-0.009416476
0.098220214
0.10436183
-0.056905944
0.029185006
0.04312733
0.08478524
-0.05030854
0.010890167
0.097336255
-0.21861674
0.086618416
-0.24475713
-0.11445001
-0.23754087
-0.29604203
-0.16047035
0.0004106714
0.1567987
0.03200046
-0.08483644
0.111317374
-0.010291824
0.1389062
0.011822536
0.097986296
0.069817595
-0.011971672
-0.30508584
0.0005064063
-0.12893835
0.043209985
-0.29931685
-0.004369011
0.13910145
-0.19923715
-0.14631008
-0.0007639635
-0.32871988
0.020410571
-0.013162478
0.12186864
0.096158184
0.17211142
-0.14600159
-0.027522137
-0.22850074
-0.06574841
0.0056731952
-0.066249005
-0.20001131
-0.25616005
-0.1609801
0.006760884
0.031889852
-0.07751281
0.0277157
-0.017348329
-0.11665726
0.043858163
-0.22909696
-0.042824425
-0.13828549
0.07975854
0.07461166
-0.07623709
-0.12689736
-0.10762385
-0.055047005
-0.09136062
0.1700709
-0.11376205
-0.2671786
-0.12893318
0.116629526
-0.082124375
0.052024286
-0.00063632394
0.022016946
-0.20289955
-0.24029495
-0.071923345
0.15931979
-0.20224951
-0.074429445
-0.093229584
-0.13346641
-0.031739116
-0.18119776
-0.04173245
-0.33211267
0.18762618
0.119649686
0.046748992
0.09428446
0.08765492
0.0031638888
0.071394384
0.14517525
0.01767444
-0.2424502
-0.0065410715
0.0250856
-0.067314446
-0.10756438
-0.22517413
-0.10114735
0.09332937
-0.053723246
-0.11453855
-0.27082878
-0.026871588
-0.110039055
-0.16964628
0.031579882
-0.19055237
-0.27888706
-0.2527799
0.07841785
0.07639304
-0.008152312
-0.17203182
0.09923445
-0.06954024
0.049941007
-0.04713364
0.08033691
-0.20546612
-0.1460991
-0.17533995
0.07874033
-0.001953133
-0.21653838
0.10666602
0.025882384
-0.16149454
0.074438445
-0.12569052
0.12920572
0.05974557
0.052839655
-0.21056546
0.13514116
0.09855803
-0.20460203
-0.0367058
-0.19194278
-0.011736299
0.00086539047
-0.23318297
-0.021311576
-0.16221377
-0.028904747
-0.119501695
0.04928603
0.011602899
0.08651658
-0.002498717
-0.2588224
-0.03767352
-0.088576086
-0.028797213
0.05270217
0.014186191
0.08425519
-0.04602632
0.102861434
0.061121106
0.025044555
-0.10859488
-0.15645504
0.14733884
0.056085434
-0.0068555777
0.13902059
-0.073647894
0.01522428
-0.22140133
-0.091311686
-0.15249069
-0.16062462
-0.06091763
0.059557535
0.0038195092
0.041023027
0.011682358
0.17993605
0.021523729
-0.22567111
0.08429542
0.08635903
0.042158563
-0.06274955
-0.024649503
-0.00076129136
-0.03225617
-0.027586788
0.15182889
-0.19171719
-0.08244515
0.107389584
0.13233788
0.06608059
0.057337627
-0.21032217
-0.10115717
-0.08965354
-0.20468469
0.08620186
-0.08330621
-0.18813452
0.066720195
-0.05670715
-0.03778499
-0.093428
0.11430442
-0.024919312
-0.024569968
0.07967674
0.09360241
-0.19010329
-0.055189546
0.05623256
0.07987534
0.06266354
-0.22827633
-0.24389757
-0.004620607
0.0022985141
-0.24805884
0.011217393
0.03835589
0.021324422
0.06848094
-0.06674839
0.08477325
0.039229408
-0.17118213
0.11087464
-0.24110025
-0.026803032
-0.23890997
0.027888779
0.0797319
0.056365844
-0.15141593
0.08580449
0.0741348
0.062390793
-0.06558882
0.08635182
0.0117207905
0.095472515
0.029467024
-0.078566745
0.08867537
-0.20516285
-0.1539672
-0.2879887
-0.055119947
-0.1634768
-0.31937727
0.054260887
0.039704308
0.017015299
0.04724246
-0.14458764
0.02186088
0.05081626
0.09540014
0.15669572
-0.0031138707
-0.08233059
-0.003866545
0.074932836
0.06439716
0.030125808
0.09830619
0.0113231875
-0.20574887
0.0335606
0.081772864
-0.0373838
-0.06501053
-0.15566774
0.0038709715
-0.06906188
0.056787483
0.07412891
-0.014669877
0.13036856
-0.22616602
0.10133081
0.025506523
0.089494266
0.05620811
0.0804468
0.072007135
-0.15875223
0.06489546
-0.23807342
-0.0010352484
0.10988393
0.01793446
-0.04092021
0.13154455
-0.20611311
0.11743225
-0.01734616
-0.06375124
0.018568201
-0.12740862
-0.038093917
0.056125663
-0.23906209
0.04220801
-0.024280453
0.0754745
-0.17839617
0.045102127
-0.027286982
-0.03277535
0.036959074
-0.032799356
0.04208079
-0.063797385
-0.23093995
0.099315934
-0.1351654
0.10341941
-0.08890438
0.046010476
-0.119782284
-0.470954
0.057222623
0.12281839
0.09365386
-0.06661696
-0.12588412
0.0687702
-0.022997266
0.03587924
0.04091997
-0.17938532
0.027240153
-0.047030017
0.08906351
-0.19547695
-0.19202694
-0.085696116
0.06906567
